u	v	e_type
c	c	d
		
4	3	1
5	3	1
5	4	1
7	6	1
11	10	1
13	12	1
14	12	1
14	13	1
15	12	1
15	13	1
15	14	1
16	10	1
18	17	1
19	17	1
19	18	1
20	17	1
20	18	1
20	19	1
25	24	1
27	1	1
28	2	1
28	12	1
28	13	1
28	14	1
28	15	1
29	2	1
29	12	1
29	13	1
29	14	1
29	15	1
29	28	1
35	34	1
36	15	1
36	28	1
36	29	1
36	32	1
38	37	1
40	39	1
41	2	1
42	2	1
42	41	1
43	10	1
43	16	1
44	39	1
46	45	1
48	45	1
48	46	1
50	46	1
51	45	1
51	46	1
51	48	1
51	50	1
52	45	1
52	46	1
52	48	1
52	51	1
53	45	1
53	46	1
53	48	1
53	50	1
53	51	1
53	52	1
56	55	1
57	55	1
57	56	1
58	55	1
58	56	1
58	57	1
59	55	1
59	56	1
59	57	1
59	58	1
60	55	1
60	56	1
60	57	1
60	58	1
60	59	1
61	55	1
61	56	1
61	57	1
61	58	1
61	59	1
61	60	1
62	55	1
62	56	1
62	57	1
62	58	1
62	59	1
62	60	1
62	61	1
63	55	1
63	56	1
63	57	1
63	58	1
63	59	1
63	60	1
63	61	1
63	62	1
64	55	1
64	56	1
64	57	1
64	58	1
64	59	1
64	60	1
64	61	1
64	62	1
64	63	1
65	55	1
65	56	1
65	57	1
65	58	1
65	59	1
65	60	1
65	61	1
65	62	1
65	63	1
65	64	1
66	55	1
66	56	1
66	57	1
66	58	1
66	59	1
66	60	1
66	61	1
66	62	1
66	63	1
66	64	1
66	65	1
67	55	1
67	56	1
67	57	1
67	58	1
67	59	1
67	60	1
67	61	1
67	62	1
67	63	1
67	64	1
67	65	1
67	66	1
68	55	1
68	56	1
68	57	1
68	58	1
68	59	1
68	60	1
68	61	1
68	62	1
68	63	1
68	64	1
68	65	1
68	66	1
68	67	1
69	55	1
69	56	1
69	57	1
69	58	1
69	59	1
69	60	1
69	61	1
69	62	1
69	63	1
69	64	1
69	65	1
69	66	1
69	67	1
69	68	1
72	71	1
73	71	1
73	72	1
74	2	1
74	28	1
74	29	1
74	41	1
74	42	1
75	71	1
75	72	1
75	73	1
76	71	1
76	72	1
76	73	1
76	75	1
77	71	1
77	72	1
77	73	1
77	75	1
77	76	1
78	2	1
78	28	1
78	29	1
78	41	1
78	42	1
78	74	1
79	71	1
79	72	1
79	73	1
79	75	1
79	76	1
79	77	1
80	21	1
81	71	1
81	72	1
81	73	1
81	75	1
81	76	1
81	77	1
81	79	1
82	80	1
83	3	1
83	4	1
83	5	1
85	34	1
85	35	1
87	30	1
87	31	1
87	80	1
90	37	1
90	38	1
91	70	1
93	12	1
93	13	1
93	14	1
93	15	1
93	17	1
93	18	1
93	19	1
93	20	1
93	28	1
93	29	1
93	36	1
93	89	1
94	12	1
94	13	1
94	14	1
94	15	1
94	17	1
94	18	1
94	19	1
94	20	1
94	28	1
94	29	1
94	36	1
94	89	1
94	93	1
95	39	1
95	40	1
96	39	1
96	95	1
97	12	1
97	13	1
97	14	1
97	15	1
97	17	1
97	18	1
97	19	1
97	20	1
97	28	1
97	29	1
97	36	1
97	89	1
97	93	1
97	94	1
98	12	1
98	13	1
98	14	1
98	15	1
98	28	1
98	29	1
98	86	1
98	92	1
98	93	1
98	94	1
98	97	1
102	55	1
102	56	1
102	57	1
102	58	1
102	59	1
102	60	1
102	61	1
102	62	1
102	63	1
102	64	1
102	65	1
102	66	1
102	68	1
102	69	1
103	16	1
104	16	1
104	103	1
105	55	1
105	56	1
105	57	1
105	58	1
105	59	1
105	60	1
105	61	1
105	62	1
105	63	1
105	64	1
105	65	1
105	66	1
105	67	1
105	68	1
105	69	1
105	102	1
106	101	1
107	89	1
107	101	1
107	106	1
108	101	1
108	106	1
108	107	1
109	101	1
109	106	1
109	107	1
109	108	1
110	93	1
110	94	1
110	97	1
110	101	1
110	106	1
110	107	1
110	108	1
110	109	1
111	41	1
111	42	1
111	74	1
111	78	1
111	101	1
111	106	1
111	107	1
111	108	1
111	109	1
111	110	1
113	112	1
114	112	1
114	113	1
115	112	1
115	113	1
115	114	1
116	112	1
116	113	1
116	114	1
116	115	1
117	116	1
118	112	1
118	113	1
118	114	1
118	115	1
118	116	1
119	112	1
119	113	1
119	114	1
119	115	1
119	116	1
119	118	1
120	112	1
120	113	1
120	114	1
120	115	1
120	116	1
120	118	1
120	119	1
122	2	1
122	12	1
122	13	1
122	14	1
122	15	1
122	28	1
122	29	1
122	36	1
122	74	1
122	78	1
122	93	1
122	94	1
122	97	1
122	98	1
123	28	1
123	29	1
123	98	1
123	122	1
124	100	1
127	2	1
127	41	1
127	42	1
127	74	1
127	78	1
127	111	1
128	2	1
128	28	1
128	29	1
128	41	1
128	42	1
128	74	1
128	78	1
128	89	1
128	122	1
128	127	1
129	71	1
129	72	1
129	73	1
129	75	1
129	76	1
129	77	1
129	79	1
129	81	1
130	71	1
130	72	1
130	73	1
130	75	1
130	76	1
130	77	1
130	79	1
130	81	1
130	129	1
132	131	1
133	23	1
134	33	1
135	43	1
136	12	1
136	13	1
136	14	1
136	15	1
136	17	1
136	18	1
136	19	1
136	20	1
136	28	1
136	29	1
136	36	1
136	89	1
136	93	1
136	94	1
136	97	1
136	98	1
136	122	1
137	112	1
137	113	1
137	114	1
137	115	1
137	116	1
137	118	1
137	119	1
137	120	1
138	112	1
138	113	1
138	114	1
138	115	1
138	116	1
138	118	1
138	119	1
138	120	1
138	137	1
142	140	1
143	139	1
144	139	1
144	142	1
145	139	1
145	141	1
145	144	1
146	139	1
146	144	1
146	145	1
147	140	1
147	142	1
147	144	1
148	139	1
148	142	1
148	144	1
148	145	1
148	146	1
148	147	1
150	139	1
150	144	1
150	145	1
150	146	1
150	148	1
150	149	1
151	24	1
151	25	1
152	23	1
152	133	1
153	12	1
153	13	1
153	14	1
153	15	1
153	17	1
153	18	1
153	19	1
153	20	1
153	28	1
153	29	1
153	93	1
153	94	1
153	97	1
153	98	1
153	122	1
153	136	1
154	41	1
154	42	1
154	74	1
154	78	1
154	101	1
154	106	1
154	107	1
154	108	1
154	109	1
154	110	1
154	111	1
154	127	1
155	93	1
155	94	1
155	97	1
155	101	1
155	106	1
155	107	1
155	108	1
155	109	1
155	110	1
155	111	1
155	154	1
157	126	1
158	157	1
159	84	1
160	3	1
160	4	1
160	5	1
162	98	1
163	98	1
163	162	1
164	21	1
166	165	1
167	165	1
167	166	1
168	2	1
168	12	1
168	13	1
168	14	1
168	15	1
168	28	1
168	29	1
168	36	1
168	74	1
168	78	1
168	93	1
168	94	1
168	97	1
168	98	1
168	122	1
168	123	1
168	128	1
168	136	1
168	153	1
169	2	1
169	12	1
169	13	1
169	14	1
169	15	1
169	28	1
169	29	1
169	36	1
169	74	1
169	78	1
169	93	1
169	94	1
169	97	1
169	98	1
169	122	1
169	123	1
169	128	1
169	136	1
169	153	1
169	168	1
170	55	1
170	56	1
170	57	1
170	58	1
170	59	1
170	60	1
170	61	1
170	62	1
170	63	1
170	65	1
170	66	1
170	68	1
170	69	1
170	102	1
170	105	1
171	55	1
171	56	1
171	57	1
171	58	1
171	59	1
171	60	1
171	61	1
171	62	1
171	63	1
171	65	1
171	66	1
171	68	1
171	69	1
171	102	1
171	105	1
171	170	1
172	55	1
172	56	1
172	57	1
172	58	1
172	59	1
172	60	1
172	61	1
172	62	1
172	63	1
172	64	1
172	65	1
172	66	1
172	68	1
172	69	1
172	102	1
172	105	1
172	170	1
172	171	1
173	55	1
173	56	1
173	57	1
173	58	1
173	59	1
173	60	1
173	61	1
173	62	1
173	63	1
173	64	1
173	65	1
173	66	1
173	68	1
173	69	1
173	102	1
173	105	1
173	170	1
173	171	1
173	172	1
174	55	1
174	56	1
174	57	1
174	58	1
174	59	1
174	60	1
174	61	1
174	62	1
174	63	1
174	64	1
174	65	1
174	66	1
174	68	1
174	69	1
174	102	1
174	105	1
174	170	1
174	171	1
174	172	1
174	173	1
175	55	1
175	56	1
175	57	1
175	58	1
175	59	1
175	60	1
175	61	1
175	62	1
175	63	1
175	64	1
175	65	1
175	66	1
175	68	1
175	69	1
175	102	1
175	105	1
175	170	1
175	171	1
175	172	1
175	173	1
175	174	1
176	55	1
176	56	1
176	57	1
176	58	1
176	59	1
176	60	1
176	61	1
176	62	1
176	63	1
176	64	1
176	65	1
176	66	1
176	68	1
176	69	1
176	102	1
176	105	1
176	170	1
176	171	1
176	172	1
176	173	1
176	174	1
176	175	1
177	55	1
177	56	1
177	57	1
177	58	1
177	59	1
177	60	1
177	61	1
177	62	1
177	63	1
177	64	1
177	65	1
177	66	1
177	68	1
177	69	1
177	102	1
177	105	1
177	170	1
177	171	1
177	172	1
177	173	1
177	174	1
177	175	1
177	176	1
178	37	1
178	38	1
178	90	1
178	100	1
179	121	1
180	37	1
180	38	1
180	90	1
180	178	1
181	37	1
181	38	1
181	90	1
181	178	1
181	180	1
182	21	1
182	164	1
183	43	1
184	15	1
184	28	1
184	29	1
184	32	1
184	36	1
184	93	1
184	94	1
184	97	1
184	122	1
184	136	1
184	153	1
184	168	1
184	169	1
185	43	1
185	183	1
186	70	1
186	131	1
186	132	1
187	24	1
187	25	1
187	151	1
188	24	1
188	25	1
188	88	1
188	151	1
188	187	1
189	12	1
189	13	1
189	14	1
189	28	1
189	29	1
189	32	1
189	36	1
189	93	1
189	94	1
189	97	1
189	122	1
189	136	1
189	168	1
189	169	1
189	184	1
190	28	1
190	29	1
190	122	1
190	123	1
190	168	1
190	169	1
191	15	1
191	28	1
191	29	1
191	32	1
191	36	1
191	93	1
191	94	1
191	97	1
191	122	1
191	136	1
191	168	1
191	169	1
191	184	1
191	189	1
192	28	1
192	29	1
192	32	1
192	36	1
192	122	1
192	168	1
192	169	1
192	184	1
192	189	1
192	191	1
193	84	1
193	88	1
193	186	1
194	55	1
194	56	1
194	57	1
194	58	1
194	59	1
194	60	1
194	61	1
194	62	1
194	63	1
194	64	1
194	65	1
194	66	1
194	68	1
194	69	1
194	102	1
194	105	1
194	170	1
194	171	1
194	172	1
194	173	1
194	174	1
194	175	1
194	176	1
194	177	1
195	55	1
195	56	1
195	57	1
195	58	1
195	59	1
195	60	1
195	61	1
195	62	1
195	63	1
195	64	1
195	65	1
195	66	1
195	68	1
195	69	1
195	102	1
195	105	1
195	170	1
195	171	1
195	172	1
195	173	1
195	174	1
195	175	1
195	176	1
195	177	1
195	194	1
196	55	1
196	56	1
196	57	1
196	58	1
196	59	1
196	60	1
196	61	1
196	62	1
196	63	1
196	64	1
196	65	1
196	66	1
196	68	1
196	69	1
196	102	1
196	105	1
196	170	1
196	171	1
196	172	1
196	173	1
196	174	1
196	175	1
196	176	1
196	177	1
196	194	1
196	195	1
197	55	1
197	56	1
197	57	1
197	58	1
197	59	1
197	60	1
197	61	1
197	62	1
197	63	1
197	64	1
197	65	1
197	66	1
197	68	1
197	69	1
197	102	1
197	105	1
197	170	1
197	171	1
197	172	1
197	173	1
197	174	1
197	175	1
197	176	1
197	177	1
197	194	1
197	195	1
197	196	1
198	55	1
198	56	1
198	57	1
198	58	1
198	59	1
198	60	1
198	61	1
198	62	1
198	63	1
198	64	1
198	65	1
198	66	1
198	68	1
198	69	1
198	102	1
198	105	1
198	170	1
198	171	1
198	172	1
198	173	1
198	174	1
198	175	1
198	176	1
198	177	1
198	194	1
198	195	1
198	196	1
198	197	1
199	55	1
199	56	1
199	57	1
199	58	1
199	59	1
199	60	1
199	61	1
199	62	1
199	63	1
199	64	1
199	65	1
199	66	1
199	68	1
199	69	1
199	102	1
199	105	1
199	170	1
199	171	1
199	172	1
199	173	1
199	174	1
199	175	1
199	176	1
199	177	1
199	194	1
199	195	1
199	196	1
199	197	1
199	198	1
200	55	1
200	56	1
200	57	1
200	58	1
200	59	1
200	60	1
200	61	1
200	62	1
200	63	1
200	64	1
200	65	1
200	66	1
200	68	1
200	69	1
200	102	1
200	105	1
200	170	1
200	171	1
200	172	1
200	173	1
200	174	1
200	175	1
200	176	1
200	177	1
200	194	1
200	195	1
200	196	1
200	197	1
200	198	1
200	199	1
201	55	1
201	56	1
201	57	1
201	58	1
201	59	1
201	60	1
201	61	1
201	62	1
201	63	1
201	64	1
201	65	1
201	66	1
201	68	1
201	69	1
201	102	1
201	105	1
201	170	1
201	171	1
201	172	1
201	173	1
201	174	1
201	175	1
201	176	1
201	177	1
201	194	1
201	195	1
201	196	1
201	197	1
201	198	1
201	199	1
201	200	1
202	55	1
202	56	1
202	57	1
202	58	1
202	59	1
202	60	1
202	61	1
202	62	1
202	63	1
202	64	1
202	65	1
202	66	1
202	68	1
202	69	1
202	102	1
202	105	1
202	170	1
202	171	1
202	172	1
202	173	1
202	174	1
202	175	1
202	176	1
202	177	1
202	194	1
202	195	1
202	196	1
202	197	1
202	198	1
202	199	1
202	200	1
202	201	1
203	55	1
203	56	1
203	57	1
203	58	1
203	59	1
203	60	1
203	61	1
203	62	1
203	63	1
203	64	1
203	65	1
203	66	1
203	68	1
203	69	1
203	102	1
203	105	1
203	170	1
203	171	1
203	172	1
203	173	1
203	174	1
203	175	1
203	176	1
203	177	1
203	194	1
203	195	1
203	196	1
203	197	1
203	198	1
203	199	1
203	200	1
203	201	1
203	202	1
204	55	1
204	56	1
204	57	1
204	58	1
204	59	1
204	60	1
204	61	1
204	62	1
204	63	1
204	64	1
204	65	1
204	66	1
204	68	1
204	69	1
204	102	1
204	105	1
204	170	1
204	171	1
204	172	1
204	173	1
204	174	1
204	175	1
204	176	1
204	177	1
204	194	1
204	195	1
204	196	1
204	197	1
204	198	1
204	199	1
204	200	1
204	201	1
204	202	1
204	203	1
205	55	1
205	56	1
205	57	1
205	58	1
205	59	1
205	60	1
205	61	1
205	62	1
205	63	1
205	64	1
205	65	1
205	66	1
205	68	1
205	69	1
205	102	1
205	105	1
205	170	1
205	171	1
205	172	1
205	173	1
205	174	1
205	175	1
205	176	1
205	177	1
205	194	1
205	195	1
205	196	1
205	197	1
205	198	1
205	199	1
205	200	1
205	201	1
205	202	1
205	203	1
205	204	1
206	112	1
206	113	1
206	114	1
206	115	1
206	116	1
206	118	1
206	119	1
206	120	1
206	137	1
206	138	1
207	112	1
207	113	1
207	114	1
207	115	1
207	116	1
207	118	1
207	119	1
207	120	1
207	137	1
207	138	1
207	206	1
208	112	1
208	113	1
208	114	1
208	115	1
208	116	1
208	118	1
208	119	1
208	120	1
208	137	1
208	138	1
208	206	1
208	207	1
209	112	1
209	113	1
209	114	1
209	115	1
209	116	1
209	117	1
209	118	1
209	119	1
209	120	1
209	137	1
209	138	1
209	206	1
209	207	1
209	208	1
210	117	1
211	112	1
211	113	1
211	114	1
211	115	1
211	116	1
211	118	1
211	119	1
211	120	1
211	137	1
211	138	1
211	206	1
211	207	1
211	208	1
211	209	1
212	112	1
212	113	1
212	114	1
212	115	1
212	116	1
212	117	1
212	118	1
212	119	1
212	120	1
212	137	1
212	138	1
212	206	1
212	207	1
212	208	1
212	209	1
212	211	1
213	112	1
213	113	1
213	114	1
213	115	1
213	116	1
213	117	1
213	118	1
213	119	1
213	120	1
213	137	1
213	138	1
213	206	1
213	207	1
213	208	1
213	209	1
213	211	1
213	212	1
214	112	1
214	113	1
214	114	1
214	115	1
214	116	1
214	118	1
214	119	1
214	120	1
214	137	1
214	138	1
214	206	1
214	207	1
214	208	1
214	209	1
214	211	1
214	212	1
214	213	1
216	3	1
216	4	1
216	5	1
216	83	1
216	139	1
216	144	1
216	145	1
216	146	1
216	149	1
216	150	1
217	33	1
217	134	1
218	84	1
218	186	1
218	193	1
219	38	1
219	90	1
219	178	1
219	180	1
219	181	1
220	15	1
220	28	1
220	29	1
220	93	1
220	94	1
220	97	1
220	122	1
220	136	1
220	153	1
220	168	1
220	169	1
221	37	1
221	38	1
221	90	1
221	178	1
221	180	1
221	181	1
221	219	1
222	37	1
222	38	1
222	90	1
222	178	1
222	180	1
222	181	1
222	219	1
222	221	1
224	133	1
224	152	1
225	70	1
225	125	1
225	186	1
226	22	1
228	1	1
228	12	1
228	13	1
228	14	1
228	15	1
228	17	1
228	18	1
228	19	1
228	20	1
228	28	1
228	29	1
228	32	1
228	36	1
228	54	1
228	89	1
228	93	1
228	94	1
228	97	1
228	98	1
228	122	1
228	123	1
228	136	1
228	153	1
228	168	1
228	169	1
228	184	1
228	189	1
228	191	1
228	192	1
228	215	1
228	220	1
229	1	1
229	12	1
229	13	1
229	14	1
229	15	1
229	17	1
229	18	1
229	19	1
229	20	1
229	28	1
229	29	1
229	32	1
229	36	1
229	54	1
229	89	1
229	93	1
229	94	1
229	97	1
229	98	1
229	122	1
229	123	1
229	136	1
229	153	1
229	161	1
229	168	1
229	169	1
229	184	1
229	189	1
229	191	1
229	192	1
229	215	1
229	220	1
229	228	1
230	84	1
230	88	1
230	186	1
230	193	1
230	218	1
231	23	1
231	133	1
231	152	1
232	37	1
232	38	1
232	90	1
232	178	1
232	180	1
232	181	1
232	219	1
232	221	1
232	222	1
233	37	1
233	38	1
233	90	1
233	178	1
233	180	1
233	181	1
233	219	1
233	221	1
233	222	1
233	232	1
234	37	1
234	38	1
234	90	1
234	178	1
234	180	1
234	181	1
234	219	1
234	221	1
234	222	1
234	232	1
234	233	1
235	37	1
235	38	1
235	90	1
235	178	1
235	180	1
235	181	1
235	219	1
235	221	1
235	222	1
235	232	1
235	233	1
235	234	1
236	215	1
237	23	1
237	133	1
237	152	1
237	224	1
237	231	1
238	99	1
239	99	1
239	238	1
240	99	1
240	238	1
240	239	1
241	238	1
241	239	1
242	99	1
242	238	1
242	239	1
242	240	1
242	241	1
243	99	1
243	238	1
243	239	1
243	240	1
243	242	1
244	22	1
244	226	1
245	22	1
245	84	1
245	193	1
245	226	1
245	230	1
245	244	1
246	84	1
246	88	1
246	186	1
246	193	1
246	218	1
246	230	1
246	245	1
247	21	1
247	164	1
247	182	1
248	37	1
248	38	1
248	90	1
248	100	1
248	178	1
248	180	1
248	181	1
248	219	1
248	221	1
248	222	1
248	232	1
248	233	1
248	234	1
248	235	1
249	8	1
249	49	1
250	131	1
250	132	1
251	55	1
251	56	1
251	57	1
251	58	1
251	59	1
251	60	1
251	61	1
251	62	1
251	63	1
251	64	1
251	65	1
251	66	1
251	67	1
251	68	1
251	69	1
251	102	1
251	105	1
251	170	1
251	171	1
251	172	1
251	173	1
251	174	1
251	175	1
251	176	1
251	177	1
251	194	1
251	195	1
251	196	1
251	197	1
251	198	1
251	199	1
251	200	1
251	201	1
251	202	1
251	203	1
251	204	1
251	205	1
252	84	1
252	88	1
252	132	1
252	186	1
252	193	1
252	218	1
252	230	1
252	246	1
253	84	1
253	132	1
253	186	1
253	193	1
253	218	1
253	230	1
253	245	1
253	246	1
253	252	1
254	55	1
254	56	1
254	57	1
254	58	1
254	59	1
254	60	1
254	61	1
254	62	1
254	63	1
254	64	1
254	65	1
254	66	1
254	68	1
254	69	1
254	102	1
254	105	1
254	170	1
254	171	1
254	172	1
254	173	1
254	174	1
254	175	1
254	176	1
254	177	1
254	194	1
254	195	1
254	196	1
254	197	1
254	198	1
254	199	1
254	200	1
254	201	1
254	202	1
254	203	1
254	204	1
254	205	1
254	251	1
255	55	1
255	56	1
255	57	1
255	58	1
255	59	1
255	60	1
255	61	1
255	62	1
255	63	1
255	64	1
255	65	1
255	66	1
255	68	1
255	69	1
255	102	1
255	105	1
255	170	1
255	171	1
255	172	1
255	173	1
255	174	1
255	175	1
255	176	1
255	177	1
255	194	1
255	195	1
255	196	1
255	197	1
255	198	1
255	199	1
255	200	1
255	201	1
255	202	1
255	203	1
255	204	1
255	205	1
255	251	1
255	254	1
256	55	1
256	56	1
256	57	1
256	58	1
256	59	1
256	60	1
256	61	1
256	62	1
256	63	1
256	65	1
256	66	1
256	68	1
256	69	1
256	102	1
256	105	1
256	170	1
256	171	1
256	172	1
256	173	1
256	174	1
256	175	1
256	176	1
256	177	1
256	194	1
256	195	1
256	196	1
256	197	1
256	198	1
256	199	1
256	200	1
256	201	1
256	202	1
256	203	1
256	204	1
256	205	1
256	251	1
256	254	1
256	255	1
257	55	1
257	56	1
257	57	1
257	58	1
257	59	1
257	60	1
257	61	1
257	62	1
257	63	1
257	64	1
257	65	1
257	66	1
257	68	1
257	69	1
257	102	1
257	105	1
257	170	1
257	171	1
257	172	1
257	173	1
257	174	1
257	175	1
257	176	1
257	177	1
257	194	1
257	195	1
257	196	1
257	197	1
257	198	1
257	199	1
257	200	1
257	201	1
257	202	1
257	203	1
257	204	1
257	205	1
257	251	1
257	254	1
257	255	1
257	256	1
258	33	1
258	134	1
258	156	1
258	157	1
258	217	1
258	223	1
259	33	1
259	179	1
259	217	1
260	21	1
260	164	1
260	182	1
260	247	1
261	186	1
261	193	1
261	218	1
261	230	1
261	246	1
261	252	1
261	253	1
262	39	1
262	40	1
262	95	1
262	96	1
263	39	1
263	40	1
263	262	1
264	39	1
264	40	1
264	44	1
264	95	1
264	96	1
264	262	1
264	263	1
265	2	1
265	12	1
265	13	1
265	14	1
265	15	1
265	28	1
265	29	1
265	36	1
265	74	1
265	78	1
265	93	1
265	94	1
265	97	1
265	98	1
265	122	1
265	123	1
265	128	1
265	136	1
265	153	1
265	168	1
265	169	1
265	184	1
265	189	1
265	190	1
265	191	1
265	192	1
265	220	1
265	228	1
265	229	1
266	2	1
266	12	1
266	13	1
266	14	1
266	15	1
266	28	1
266	29	1
266	36	1
266	74	1
266	78	1
266	93	1
266	94	1
266	97	1
266	98	1
266	122	1
266	123	1
266	128	1
266	136	1
266	153	1
266	168	1
266	169	1
266	184	1
266	189	1
266	190	1
266	191	1
266	192	1
266	220	1
266	228	1
266	229	1
266	265	1
267	21	1
267	80	1
267	82	1
268	39	1
268	40	1
268	262	1
268	263	1
268	264	1
269	39	1
269	40	1
269	262	1
269	263	1
269	264	1
269	268	1
270	39	1
270	40	1
270	95	1
270	96	1
270	262	1
270	263	1
270	264	1
270	268	1
270	269	1
271	39	1
271	40	1
271	95	1
271	96	1
271	262	1
271	263	1
271	264	1
271	267	1
271	268	1
271	269	1
271	270	1
272	39	1
272	40	1
272	95	1
272	96	1
272	262	1
272	263	1
272	264	1
272	268	1
272	269	1
272	270	1
272	271	1
273	39	1
273	40	1
273	262	1
273	263	1
273	264	1
273	268	1
273	269	1
273	270	1
273	271	1
273	272	1
274	39	1
274	40	1
274	71	1
274	72	1
274	76	1
274	77	1
274	79	1
274	96	1
274	264	1
274	268	1
274	269	1
274	273	1
275	39	1
275	40	1
275	71	1
275	72	1
275	76	1
275	77	1
275	79	1
275	96	1
275	264	1
275	268	1
275	269	1
275	273	1
275	274	1
276	39	1
276	40	1
276	262	1
276	263	1
276	264	1
276	268	1
276	269	1
276	271	1
276	272	1
276	273	1
276	274	1
276	275	1
277	39	1
277	40	1
277	71	1
277	72	1
277	76	1
277	77	1
277	79	1
277	96	1
277	264	1
277	268	1
277	269	1
277	273	1
277	274	1
277	275	1
277	276	1
278	39	1
278	40	1
278	262	1
278	263	1
278	264	1
278	268	1
278	269	1
278	270	1
278	271	1
278	272	1
278	273	1
278	274	1
278	275	1
278	276	1
278	277	1
279	39	1
279	40	1
279	262	1
279	263	1
279	264	1
279	268	1
279	269	1
279	271	1
279	272	1
279	273	1
279	274	1
279	275	1
279	276	1
279	277	1
279	278	1
280	39	1
280	40	1
280	262	1
280	263	1
280	264	1
280	268	1
280	269	1
280	270	1
280	271	1
280	272	1
280	273	1
280	274	1
280	275	1
280	276	1
280	277	1
280	278	1
280	279	1
281	43	1
281	135	1
282	10	1
282	26	1
282	43	1
283	85	1
284	99	1
284	238	1
284	239	1
284	240	1
284	242	1
284	243	1
285	7	1
285	99	1
285	238	1
285	239	1
285	240	1
285	241	1
285	242	1
285	243	1
285	284	1
286	15	1
286	228	1
286	229	1
287	15	1
287	228	1
287	229	1
287	286	1
288	15	1
288	228	1
288	229	1
288	286	1
288	287	1
289	15	1
289	228	1
289	229	1
289	286	1
289	287	1
289	288	1
290	55	1
290	56	1
290	57	1
290	58	1
290	59	1
290	60	1
290	61	1
290	62	1
290	63	1
290	64	1
290	65	1
290	66	1
290	68	1
290	69	1
290	102	1
290	105	1
290	170	1
290	171	1
290	172	1
290	173	1
290	174	1
290	175	1
290	176	1
290	177	1
290	194	1
290	195	1
290	196	1
290	197	1
290	198	1
290	199	1
290	200	1
290	201	1
290	202	1
290	203	1
290	204	1
290	205	1
290	251	1
290	254	1
290	255	1
290	256	1
290	257	1
291	37	1
291	38	1
291	90	1
291	178	1
291	180	1
291	181	1
291	219	1
291	221	1
291	222	1
291	232	1
291	233	1
291	234	1
291	235	1
291	248	1
292	37	1
292	38	1
292	90	1
292	178	1
292	180	1
292	181	1
292	219	1
292	221	1
292	222	1
292	232	1
292	233	1
292	234	1
292	235	1
292	248	1
292	291	1
293	37	1
293	38	1
293	90	1
293	178	1
293	180	1
293	181	1
293	219	1
293	221	1
293	222	1
293	232	1
293	233	1
293	234	1
293	235	1
293	248	1
293	291	1
293	292	1
294	37	1
294	38	1
294	90	1
294	178	1
294	180	1
294	181	1
294	219	1
294	221	1
294	222	1
294	232	1
294	233	1
294	234	1
294	235	1
294	248	1
294	291	1
294	292	1
294	293	1
295	37	1
295	38	1
295	90	1
295	178	1
295	180	1
295	181	1
295	219	1
295	221	1
295	222	1
295	232	1
295	233	1
295	234	1
295	235	1
295	248	1
295	291	1
295	292	1
295	293	1
295	294	1
296	37	1
296	38	1
296	90	1
296	178	1
296	180	1
296	181	1
296	219	1
296	221	1
296	222	1
296	232	1
296	233	1
296	234	1
296	235	1
296	248	1
296	291	1
296	292	1
296	293	1
296	294	1
296	295	1
297	37	1
297	38	1
297	90	1
297	178	1
297	180	1
297	181	1
297	219	1
297	221	1
297	222	1
297	232	1
297	233	1
297	234	1
297	235	1
297	248	1
297	291	1
297	292	1
297	293	1
297	294	1
297	295	1
297	296	1
298	23	1
298	133	1
298	152	1
298	231	1
298	237	1
299	1	1
299	3	1
299	4	1
299	27	1
299	83	1
300	164	1
300	182	1
300	247	1
300	260	1
301	183	1
301	185	1
302	34	1
302	35	1
302	85	1
303	85	1
303	302	1
304	49	1
304	85	1
305	47	1
305	303	1
306	37	1
306	38	1
306	90	1
306	178	1
306	180	1
306	181	1
306	219	1
306	221	1
306	222	1
306	232	1
306	233	1
306	234	1
306	235	1
306	248	1
306	291	1
306	292	1
306	293	1
306	294	1
306	295	1
306	296	1
306	297	1
307	121	1
307	126	1
307	156	1
307	157	1
307	223	1
307	258	1
308	80	1
308	166	1
308	249	1
309	51	1
309	80	1
309	166	1
309	249	1
309	308	1
310	4	1
310	144	1
310	145	1
310	150	1
310	216	1
311	3	1
311	4	1
311	5	1
311	160	1
311	216	1
311	310	1
312	2	1
312	41	1
312	42	1
312	74	1
312	78	1
312	111	1
312	127	1
312	128	1
312	154	1
313	37	1
314	70	1
314	84	1
314	88	1
314	131	1
314	132	1
314	186	1
314	193	1
314	218	1
314	225	1
314	230	1
314	246	1
314	252	1
314	253	1
314	261	1
315	134	1
315	156	1
315	258	1
316	229	1
317	33	1
317	134	1
317	217	1
317	258	1
317	259	1
318	49	1
318	249	1
319	9	1
319	10	1
319	11	1
319	16	1
319	43	1
319	227	1
320	8	1
320	10	1
320	30	1
320	31	1
320	43	1
320	87	1
320	227	1
320	249	1
320	319	1
322	30	1
322	224	1
322	321	1
323	30	1
323	87	1
323	320	1
324	30	1
324	87	1
324	320	1
324	322	1
324	323	1
325	8	1
325	30	1
325	31	1
325	87	1
325	320	1
325	322	1
325	323	1
325	324	1
326	89	1
326	93	1
326	94	1
326	97	1
326	107	1
326	128	1
326	136	1
326	228	1
326	229	1
327	313	1
328	33	1
328	217	1
328	317	1
329	126	1
329	157	1
330	55	1
330	56	1
330	57	1
330	58	1
330	59	1
330	60	1
330	61	1
330	62	1
330	63	1
330	64	1
330	65	1
330	66	1
330	68	1
330	69	1
330	102	1
330	105	1
330	170	1
330	171	1
330	172	1
330	173	1
330	174	1
330	175	1
330	176	1
330	177	1
330	194	1
330	195	1
330	196	1
330	197	1
330	198	1
330	199	1
330	200	1
330	201	1
330	202	1
330	203	1
330	204	1
330	205	1
330	251	1
330	254	1
330	255	1
330	256	1
330	257	1
330	290	1
331	84	1
331	88	1
331	186	1
331	193	1
331	218	1
331	230	1
331	245	1
331	246	1
331	252	1
331	253	1
331	261	1
331	314	1
332	70	1
332	131	1
332	132	1
332	186	1
332	193	1
332	218	1
332	225	1
332	230	1
332	246	1
332	252	1
332	253	1
332	261	1
332	314	1
332	331	1
333	10	1
333	11	1
333	16	1
333	43	1
333	103	1
333	104	1
333	319	1
333	320	1
334	101	1
334	106	1
334	107	1
334	108	1
334	109	1
334	110	1
334	111	1
334	154	1
334	155	1
346	336	2
347	335	2
348	336	2
348	346	2
349	338	2
350	346	2
350	348	2
352	336	2
353	338	2
355	337	2
356	338	2
357	342	2
358	338	2
358	344	2
358	349	2
358	350	2
359	344	2
359	358	2
360	358	2
361	338	2
361	349	2
361	353	2
361	356	2
361	358	2
361	360	2
362	359	2
366	336	2
366	342	2
366	346	2
366	348	2
366	352	2
367	344	2
368	346	2
368	350	2
368	358	2
368	366	2
369	336	2
369	366	2
370	368	2
371	341	2
371	369	2
373	338	2
373	358	2
373	360	2
375	341	2
375	350	2
375	351	2
375	371	2
376	374	2
377	338	2
377	342	2
377	356	2
377	358	2
377	366	2
377	368	2
378	338	2
378	349	2
378	358	2
378	361	2
379	350	2
379	357	2
380	363	2
381	338	2
381	349	2
381	365	2
381	372	2
382	342	2
382	346	2
382	348	2
382	350	2
382	357	2
382	375	2
384	358	2
384	373	2
384	378	2
385	357	2
1	341	12
1	352	12
1	371	12
1	375	12
2	375	12
3	341	12
3	369	12
3	371	12
4	341	12
4	369	12
4	371	12
5	341	12
5	369	12
5	371	12
6	340	12
7	340	12
8	335	12
8	336	12
8	337	12
8	347	12
8	348	12
8	350	12
8	357	12
8	369	12
9	348	12
9	350	12
9	357	12
10	337	12
10	348	12
10	350	12
10	355	12
10	357	12
10	379	12
11	350	12
11	357	12
11	379	12
12	375	12
12	382	12
13	375	12
13	382	12
14	375	12
14	382	12
15	351	12
15	357	12
15	375	12
15	382	12
16	337	12
16	350	12
16	357	12
16	367	12
16	379	12
16	382	12
17	371	12
17	375	12
18	371	12
18	375	12
19	371	12
19	375	12
20	371	12
20	375	12
21	335	12
21	336	12
21	347	12
21	348	12
21	352	12
22	344	12
26	348	12
27	341	12
27	371	12
27	375	12
27	380	12
28	342	12
28	375	12
29	342	12
29	375	12
30	335	12
30	347	12
30	348	12
31	335	12
31	336	12
31	347	12
31	348	12
32	375	12
33	375	12
34	357	12
34	361	12
34	385	12
35	357	12
35	361	12
35	385	12
36	375	12
37	354	12
38	354	12
39	336	12
40	335	12
40	336	12
41	366	12
41	375	12
42	366	12
42	375	12
43	337	12
43	348	12
43	350	12
43	351	12
43	355	12
43	357	12
43	379	12
44	372	12
45	336	12
46	336	12
46	348	12
46	362	12
46	370	12
47	346	12
47	385	12
48	336	12
49	335	12
49	336	12
49	337	12
49	348	12
49	350	12
49	357	12
49	385	12
50	336	12
50	339	12
50	346	12
50	370	12
50	374	12
51	336	12
51	337	12
51	348	12
52	336	12
52	350	12
53	336	12
53	348	12
53	362	12
53	370	12
54	374	12
54	375	12
55	363	12
55	372	12
55	379	12
56	363	12
56	372	12
56	379	12
57	363	12
57	372	12
57	379	12
58	363	12
58	372	12
58	379	12
59	363	12
59	372	12
59	379	12
60	363	12
60	372	12
60	379	12
61	363	12
61	372	12
61	379	12
62	363	12
62	372	12
62	379	12
63	363	12
63	372	12
63	379	12
64	372	12
64	379	12
65	363	12
65	372	12
65	379	12
66	363	12
66	372	12
66	379	12
68	363	12
68	372	12
68	379	12
69	363	12
69	372	12
69	379	12
70	337	12
70	364	12
71	366	12
72	366	12
73	366	12
74	375	12
75	336	12
75	366	12
76	366	12
77	366	12
78	375	12
79	366	12
80	335	12
80	336	12
80	341	12
80	347	12
80	348	12
80	352	12
80	382	12
81	366	12
82	335	12
82	348	12
83	341	12
83	369	12
83	371	12
84	344	12
84	359	12
84	364	12
85	385	12
86	371	12
86	375	12
87	335	12
87	347	12
87	348	12
88	344	12
88	364	12
89	370	12
89	371	12
89	375	12
90	354	12
91	359	12
91	362	12
91	364	12
92	375	12
93	375	12
94	375	12
96	366	12
97	375	12
98	351	12
98	375	12
99	340	12
99	380	12
100	354	12
101	375	12
101	385	12
102	357	12
102	372	12
102	379	12
103	357	12
103	379	12
104	344	12
104	348	12
104	357	12
104	379	12
104	382	12
105	363	12
105	372	12
105	379	12
106	365	12
106	375	12
106	385	12
107	375	12
107	385	12
108	365	12
108	375	12
108	385	12
109	365	12
109	375	12
109	385	12
110	375	12
110	385	12
111	372	12
111	375	12
112	336	12
113	336	12
114	336	12
114	346	12
114	374	12
115	336	12
116	336	12
117	336	12
117	378	12
118	336	12
119	336	12
119	369	12
120	336	12
120	346	12
120	374	12
122	342	12
122	375	12
123	375	12
124	354	12
125	337	12
125	360	12
125	384	12
127	366	12
127	375	12
128	375	12
129	366	12
130	366	12
131	344	12
131	358	12
132	344	12
132	359	12
132	367	12
133	335	12
133	371	12
133	375	12
134	375	12
135	337	12
135	350	12
135	351	12
136	344	12
136	364	12
136	367	12
136	371	12
136	375	12
137	336	12
137	346	12
137	374	12
138	336	12
138	346	12
138	374	12
139	369	12
140	369	12
141	343	12
141	369	12
142	369	12
143	369	12
144	369	12
145	336	12
145	346	12
145	369	12
146	369	12
147	369	12
148	353	12
148	369	12
149	369	12
150	369	12
152	375	12
153	375	12
153	382	12
154	372	12
154	375	12
155	375	12
155	385	12
159	344	12
159	364	12
159	367	12
160	341	12
160	369	12
160	371	12
161	344	12
161	375	12
161	385	12
162	350	12
162	352	12
162	375	12
163	350	12
163	352	12
163	375	12
164	336	12
164	348	12
164	366	12
166	342	12
166	348	12
166	350	12
168	342	12
168	375	12
169	342	12
169	375	12
171	357	12
171	372	12
171	379	12
172	357	12
172	372	12
172	379	12
173	357	12
173	372	12
173	379	12
174	357	12
174	372	12
174	379	12
175	357	12
175	372	12
175	379	12
176	357	12
176	372	12
176	379	12
177	357	12
177	372	12
177	379	12
178	354	12
180	354	12
181	354	12
182	336	12
182	348	12
183	337	12
183	344	12
183	350	12
183	351	12
183	375	12
184	360	12
184	371	12
184	375	12
185	337	12
185	344	12
185	350	12
185	351	12
185	375	12
186	337	12
186	344	12
186	364	12
189	360	12
189	371	12
189	375	12
190	371	12
190	375	12
190	380	12
191	375	12
192	375	12
193	344	12
193	359	12
193	362	12
193	364	12
194	357	12
194	372	12
194	379	12
195	357	12
195	372	12
195	379	12
196	357	12
196	372	12
196	379	12
197	357	12
197	372	12
197	379	12
198	357	12
198	372	12
198	379	12
199	357	12
199	372	12
199	379	12
200	357	12
200	372	12
200	379	12
201	357	12
201	372	12
201	379	12
202	357	12
202	372	12
202	379	12
203	357	12
203	372	12
203	379	12
204	357	12
204	372	12
204	379	12
205	357	12
205	372	12
205	379	12
206	336	12
207	336	12
208	336	12
208	346	12
208	374	12
209	336	12
209	378	12
210	336	12
210	353	12
210	361	12
211	336	12
212	336	12
213	336	12
213	378	12
214	336	12
215	375	12
216	336	12
216	369	12
217	375	12
218	344	12
218	347	12
218	358	12
218	364	12
218	367	12
218	368	12
218	369	12
219	354	12
220	347	12
220	355	12
220	357	12
220	375	12
221	354	12
222	354	12
224	335	12
224	347	12
224	348	12
224	385	12
225	356	12
225	359	12
225	384	12
227	345	12
227	347	12
227	348	12
227	357	12
228	349	12
228	375	12
229	371	12
229	375	12
230	344	12
230	359	12
230	364	12
232	354	12
233	354	12
234	354	12
235	354	12
236	375	12
237	335	12
237	371	12
237	375	12
238	340	12
238	376	12
239	340	12
239	376	12
240	340	12
240	380	12
241	340	12
242	340	12
242	359	12
245	364	12
246	344	12
246	359	12
246	364	12
247	336	12
247	347	12
247	348	12
248	354	12
249	335	12
249	336	12
249	347	12
249	348	12
249	350	12
250	337	12
251	363	12
251	372	12
251	379	12
252	344	12
252	359	12
252	362	12
252	364	12
252	367	12
253	344	12
253	364	12
253	367	12
253	373	12
254	372	12
254	379	12
255	372	12
255	379	12
256	372	12
256	379	12
257	357	12
257	372	12
257	379	12
260	336	12
260	347	12
260	348	12
260	366	12
261	344	12
261	364	12
261	368	12
262	336	12
263	336	12
264	336	12
265	342	12
265	375	12
266	342	12
266	375	12
267	335	12
267	336	12
267	347	12
267	348	12
267	352	12
268	335	12
268	336	12
270	336	12
271	335	12
271	336	12
271	348	12
272	335	12
272	336	12
273	335	12
273	336	12
274	366	12
275	366	12
276	366	12
277	366	12
278	359	12
279	336	12
281	337	12
281	351	12
282	348	12
282	355	12
283	357	12
283	385	12
284	344	12
284	359	12
285	340	12
286	351	12
286	375	12
287	351	12
287	375	12
288	351	12
288	375	12
289	351	12
289	375	12
290	357	12
290	372	12
290	379	12
291	354	12
292	354	12
293	354	12
294	354	12
295	354	12
296	354	12
297	354	12
298	371	12
298	375	12
299	341	12
299	352	12
299	375	12
300	336	12
300	347	12
300	348	12
301	350	12
301	351	12
301	375	12
302	356	12
302	385	12
303	347	12
303	385	12
304	337	12
304	348	12
304	350	12
304	355	12
304	385	12
305	346	12
305	385	12
306	354	12
308	342	12
308	347	12
308	348	12
309	336	12
309	342	12
309	347	12
309	348	12
309	369	12
310	369	12
311	336	12
311	341	12
311	369	12
311	371	12
312	366	12
312	375	12
313	354	12
314	337	12
314	344	12
314	359	12
314	364	12
316	341	12
316	375	12
316	383	12
317	375	12
318	335	12
318	347	12
318	348	12
318	355	12
318	357	12
318	385	12
319	337	12
319	350	12
319	355	12
319	357	12
319	379	12
320	335	12
320	337	12
320	345	12
320	348	12
320	350	12
320	357	12
320	379	12
321	335	12
322	335	12
322	347	12
322	348	12
323	335	12
323	336	12
323	348	12
324	335	12
324	336	12
324	348	12
325	335	12
325	347	12
325	348	12
326	370	12
326	371	12
326	375	12
327	354	12
328	375	12
330	357	12
330	372	12
330	379	12
331	344	12
331	359	12
331	362	12
331	364	12
332	337	12
332	344	12
332	364	12
333	337	12
333	348	12
333	350	12
333	357	12
333	379	12
334	370	12
334	375	12
334	385	12
