gene	t-test	articles	component name
string	<=0.00 >0.00	string	string
            
HIST1H4C	>0.00	7626218, 12408966, 11080476, 15556009, 12477932, 9119399, 9566873, 14657027, 9439656, 11689053	nucleosome assembly
RNF10	<=0.00	14702039, 16335786, 12658628, 18941509, 9039502, 12168954, 12477932, 10697961, 16344560, 16169070, 15489334	positive regulation of transcription
HIST1H4E	>0.00	9566873, 12408966, 11080476, 12477932, 9119399, 14657027, 9439656, 11689053	nucleosome assembly
TBC1D22A	>0.00	12529303, 14702039, 12477932, 15461802, 10591208, 19077034, 18186464, 18029348, 15489334	3-mercaptopyruvate sulfurtransferase activity
RAB40B	>0.00	14702039, 11697911, 12076535, 15489334, 12477932	nucleic acid binding
TACSTD1	<=0.00	15642098	cellular biopolymer catabolic process
PSMD11	>0.00	9426256, 17353931, 14564014, 12665801, 12719574, 15029244, 12167863, 9079628, 9846577, 11285280, 1317798, 14528301, 14528300, 12185077, 12809610, 12791267, 12920286, 12859895, 8125298, 12750511, 14557625, 12914693, 12970355, 14527406, 10893419, 12477932, 9811770, 14702039, 9373149, 14614829, 8811196, 16305752, 12840737, 16169070, 12419264, 17081983, 14550573, 12140684, 9119060, 12808466, 12808465, 15489334, 12830140	cellular process
PSMD12	>0.00	9426256, 17353931, 14564014, 12665801, 14743216, 12719574, 15029244, 12167863, 9079628, 9846577, 11285280, 1317798, 14528301, 14528300, 16501559, 12809610, 12791267, 12920286, 15642098, 8125298, 12750511, 14557625, 12914693, 12970355, 14527406, 10893419, 12477932, 9811770, 9373149, 14614829, 8811196, 12859895, 12840737, 12419264, 14550573, 14702039, 12808466, 12808465, 15489334, 12830140	cellular process
HSPCA	>0.00	12477932	nucleic acid binding
C6orf32	>0.00	15642098, 17825087	cellular biopolymer catabolic process
MAGEA8	<=0.00	7927540, 8575766, 10521804, 12477932, 11211869	""
MAGEA2	<=0.00	12525503, 8113684, 16847267, 8276455, 17634428, 10854409, 12477932, 1840703, 8416750, 7591235, 18197853, 7927540, 8575766, 15489334	""
MAGEA5	<=0.00	12477932, 10521804, 11211869, 18197853, 7927540, 8575766, 15489334	""
PCDHGC3	>0.00	15744052, 8508762, 9360932, 16751190, 10835267, 16136131, 8719883, 10380929, 12477932, 10817752, 10716726, 11230163, 9865466, 18029348, 15489334	homophilic cell adhesion
HLA-DMB	>0.00	8890155, 18506881, 12648225, 12663675, 10716924, 11956296, 8757605, 8168144, 8568858, 11775239, 8574855, 11441095, 15547089, 1922365, 10519369, 9371817, 9879837, 17652306, 12858445, 10631952, 16737583, 10661406, 9157091, 14754527, 7648393, 15547082, 8849454, 12427289, 7602119, 8084338, 9759843, 12932352, 10209506, 18779172, 9551909, 8225438, 10885572, 15489334, 11048639, 11881821, 16335952, 9311912, 9079699, 12786997, 12392850, 12477932, 11168931, 7528727, 7512597, 18348411, 12742663, 16864101, 10322421, 2846691, 15787724, 1967269, 8376762, 15489916, 8947036, 17015729, 19047092, 9768757, 10729169, 3489470, 7541827, 8920889, 2543930, 11591653, 11743588, 11118314, 8034636, 1978941, 8406617, 11827988, 1869305, 8139690	antigen processing and presentation of peptide or polysaccharide antigen via MHC class II
HLA-DMA	<=0.00	11739502, 11180452, 12663675, 11337467, 10716924, 11956296, 8168144, 15547082, 8568858, 11775239, 8574855, 8849454, 16737583, 8890155, 9371817, 9879837, 17652306, 12858445, 11441095, 19115949, 10661406, 14754527, 12427289, 12794545, 1922365, 11070170, 1922385, 8084338, 9759843, 7602119, 18779172, 9551909, 8225438, 15547089, 11048639, 8026867, 12928384, 11881821, 18348411, 9311912, 9079699, 12786997, 12392850, 12477932, 11168931, 16864101, 7512597, 12742663, 10322421, 2846691, 16435885, 17015729, 1967269, 8376762, 15489916, 8947036, 9768757, 10729169, 3489470, 7541827, 10631952, 12648225, 2543930, 12728471, 11743588, 11118314, 8034636, 1978941, 15723810, 11827988, 1869305, 8139690	antigen processing and presentation of peptide or polysaccharide antigen via MHC class II
TRIM14	>0.00	18978678, 15164053, 14702039, 11331580, 12477932, 8590280, 15489334	nucleic acid binding
ZNF592	<=0.00	17081983, 14702039, 15302935, 9039502, 12477932, 15231748, 15489334	nucleic acid binding
RPLP1	<=0.00	12479870, 7821789, 16964243, 16097034, 14567916, 14729942, 3323886, 3197716, 16565220, 14997482, 18029348, 15489334, 16807684, 12054647, 12477932, 18422483, 11401437, 18675807, 16169070, 10856704, 17081983, 16094384, 15189156, 11277934, 8722009, 11875025	translational elongation
FVT1	<=0.00	15642098	cellular biopolymer catabolic process
MTMR11	<=0.00	14702039, 12495846, 18391951, 12477932, 16344560	nucleic acid binding
ARMCX6	>0.00	14702039, 17081983, 12477932, 15772651, 15489334	nucleic acid binding
KIAA0157	<=0.00	15642098	cellular biopolymer catabolic process
psiTPTE22	>0.00	14702039, 14659893, 2551777, 12477932	nucleic acid binding
ATP6V0D1	>0.00	8250920, 9442887, 14702039, 14597263, 11836511, 10340843, 12477932, 10221984, 2903164, 16713569, 9210392, 19165527, 10440860, 11118322, 10224039, 14580332, 8889548, 12788495, 15489334	energy coupled proton transport, down electrochemical gradient
MRPL3	>0.00	15064350, 17932292, 8879236, 2191628, 15489334, 17460045, 15964273, 16823961, 16720695, 2583083, 16367971, 16429126, 16507594, 12706105, 11025545, 11805826, 17200106, 16143836, 16143837, 10213627, 12392552, 18245340, 16554755, 10071206, 15303280, 16622701, 15642098, 15710683, 15710684, 15701785, 2891103, 8282737, 12000678, 8062839, 9169872, 12535521, 17535914, 12477932, 9482869, 10669795, 18719252, 8616232, 11094061, 15123810, 1741302, 15998802, 17040130, 11675593, 16452484, 16678168, 16476776, 7632918, 16170454, 2040309, 15450959, 15849308, 8849441, 15738400, 11543634, 11782532	cellular biopolymer metabolic process
RPS8	<=0.00	17932292, 8349573, 10806107, 1712897, 15068267, 8432552, 11983892, 10368186, 11790298, 8590479, 15995001, 15137946, 16143839, 16452484, 16143837, 15659633, 15635413, 11497999, 16284312, 15128875, 12588972, 15278455, 8374951, 15964273, 11805055, 17085511, 15883184, 16305752, 15190002, 11784321, 15710684, 8914534, 15489334, 15189156, 17460045, 8764399, 12658628, 12477932, 3614194, 15738400, 17220478, 12215522, 15123810, 11641281, 8543042, 15998802, 15235119, 7480339, 11445540, 8647391, 15514055, 2904436, 12140684, 15616584, 15450959, 15635096, 9582194, 11752390, 8722009, 8706699, 2779571, 15785851	structural molecule activity
PSMA2	>0.00	15489334, 16777052, 17353931, 14564014, 10983987, 15592455, 12719574, 16344560, 15029244, 12167863, 7966316, 9079628, 2025653, 9846577, 10436176, 11285280, 14528301, 14528300, 12809610, 15225636, 12791267, 12920286, 15642098, 7558012, 8125298, 12750511, 14557625, 12914693, 12970355, 14527406, 10893419, 12446740, 12477932, 9811770, 9373149, 11205743, 8811196, 12859895, 12840737, 12690205, 12419264, 1888762, 14550573, 7811265, 14614829, 12808466, 12808465, 8635518, 12830140	cellular process
PSMA3	>0.00	18971267, 12379479, 16964243, 16305752, 17353931, 14564014, 14614829, 15592455, 12719574, 15029244, 12167863, 15831937, 9079628, 2025653, 9846577, 11285280, 14528301, 14528300, 16713569, 12809610, 15225636, 11341940, 12920286, 15642098, 9451443, 12750511, 12791267, 12914693, 12970355, 7857283, 18029348, 14527406, 10893419, 16130169, 12477932, 9811770, 11146632, 11205743, 8811196, 12859895, 12840737, 14557625, 16169070, 12419264, 8619999, 14674694, 17081983, 14550573, 7811265, 15302935, 12140684, 14702039, 12376572, 15231747, 12808466, 12808465, 14667819, 15489334, 11350925, 12830140	cellular process
PSMA1	>0.00	17353931, 14564014, 7681138, 12719574, 16344560, 15029244, 12167863, 9079628, 9497851, 2025653, 9846577, 10436176, 11285280, 1660345, 14528301, 14528300, 16713569, 12809610, 15225636, 12791267, 12920286, 12859895, 12419264, 12750511, 14557625, 12914693, 10068451, 12970355, 10799514, 14527406, 10893419, 12477932, 9811770, 1398136, 11205743, 8811196, 12840737, 10983987, 16169070, 9451443, 1888762, 14550573, 7811265, 16189514, 12150907, 1517242, 14614829, 12808466, 12808465, 9464850, 15489334, 12830140	cellular process
PSMA6	>0.00	7821789, 19282875, 19182073, 17353931, 14564014, 18358479, 18231128, 17555133, 10983987, 16845397, 12719574, 17384448, 15029244, 12167863, 9079628, 18158110, 9497851, 18157711, 9846577, 10436176, 11285280, 14528301, 14528300, 19336475, 12809610, 15225636, 12791267, 12920286, 12859895, 17535269, 9451443, 12750511, 14557625, 12914693, 11924531, 12970355, 14527406, 10893419, 12477932, 9811770, 11205743, 8618844, 8811196, 18029348, 12840737, 19056482, 16169070, 12419264, 1888762, 14681463, 19272601, 14550573, 7811265, 11771738, 9056411, 7681138, 14614829, 12808466, 12808465, 15489334, 12830140	cellular process
PSMA5	>0.00	16964243, 14564014, 12719574, 15029244, 12167863, 9079628, 9846577, 11285280, 16710414, 14528301, 14528300, 12809610, 15225636, 12791267, 16251969, 12920286, 15642098, 14499622, 8125298, 12750511, 10363657, 12914693, 12970355, 14527406, 10893419, 1286667, 9811770, 12477932, 9530635, 9373149, 11205743, 8811196, 12859895, 12840737, 14557625, 12419264, 1888762, 14681463, 16305752, 14550573, 7811265, 11771738, 15302935, 12140684, 14614829, 12808466, 12808465, 15489334, 15222312, 12830140	cellular process
RPL27	>0.00	17932292, 16367971, 1302024, 15964273, 16720695, 8148381, 11790298, 14567916, 15137946, 15635413, 14702039, 17085511, 16622701, 15710683, 15489334, 17460045, 12658628, 12477932, 11401437, 10964405, 1709488, 15998802, 15235119, 14633996, 1386535, 15189156, 15738400, 7545954, 8722009, 11875025, 7581362	translational elongation
PIG8	>0.00	15064350, 17932292, 8879236, 2191628, 15964273, 16720695, 2583083, 16367971, 16507594, 11025545, 16143836, 16143837, 10213627, 10071206, 16622701, 15710683, 15710684, 15701785, 8282737, 12000678, 8062839, 12535521, 17535914, 9482869, 10669795, 8616232, 11094061, 1741302, 15998802, 17040130, 11675593, 16452484, 16678168, 7632918, 16170454, 2040309, 15450959, 15849308, 15738400, 11782532	cellular biopolymer metabolic process
HIP2	>0.00	15642098	cellular biopolymer catabolic process
RAB7	<=0.00	17334359, 9369203	cellular component organization
SRP9	>0.00	17932292, 16367971, 2153922, 3460413, 12556449, 15642098, 9210469, 9210468, 11815615, 16507594, 11598240, 15137946, 7518078, 15635413, 8616155, 9689144, 15155888, 9110174, 17085511, 10409631, 8344302, 11912227, 15710684, 7730321, 15489334, 6098820, 12775420, 12477932, 15448140, 9428676, 9428675, 15606760, 12846565, 8619474, 7493968, 10751409, 15998802, 11741988, 15047759, 10436225, 3468511, 10734091, 15450959, 18549262, 11089964, 8631873, 16344560	intracellular transport
TDRD9	>0.00	14702039, 19308021, 12477932	nucleic acid binding
RPL8	<=0.00	17932292, 11790298, 15964273, 14743216, 3614194, 12746537, 14567916, 15137946, 15147238, 7506540, 15235119, 15710684, 15701785, 15489334, 17460045, 12477932, 17535914, 15592455, 15635413, 8938407, 16169070, 15998802, 9531480, 9582194, 12962325, 15189156, 15738400, 8722009, 11875025, 10527430	translational elongation
RPL6	<=0.00	15064350, 17932292, 8879236, 7821789, 2191628, 11707324, 17460045, 15964273, 8479925, 16720695, 2583083, 16367971, 11043511, 16507594, 11025545, 15489334, 14567916, 11790298, 9529352, 11823430, 16143836, 16143837, 10213627, 10964405, 15635413, 10071206, 10895307, 9826564, 16622701, 16305752, 15710683, 15710684, 15701785, 8185817, 12678981, 8282737, 15121898, 7251593, 12000678, 8062839, 14743216, 12535521, 17535914, 12477932, 9482869, 10669795, 11401437, 10944468, 8616232, 11094061, 15189156, 6468376, 1741302, 16169070, 15998802, 17040130, 11675593, 16452484, 16678168, 7632918, 16170454, 12140684, 8457378, 12962325, 2040309, 15450959, 15849308, 9582194, 15738400, 8722009, 11782532	cellular biopolymer metabolic process
RPL7	>0.00	17932292, 8441630, 16797011, 15964273, 3614194, 11790298, 12445392, 12746537, 17823931, 14567916, 15137946, 15147238, 15635413, 16169070, 15642098, 15235119, 15710684, 15701785, 15489334, 12401809, 17460045, 17535914, 12477932, 9373149, 8360149, 7862521, 16305752, 15592455, 7750987, 8938407, 12704204, 15998802, 8125298, 12140684, 9268371, 12962325, 18697920, 15189156, 9582194, 15738400, 17258209, 8722009, 17018643, 18366674, 10527430	translational elongation
PMS2L4	<=0.00	8586419, 12477932, 7980603, 16913423	ATP binding
PSME4	<=0.00	12093752, 14564014, 7584044, 12719574, 12167863, 9079628, 17523843, 9846577, 14527406, 14528301, 14528300, 12809610, 14557625, 12920286, 12859895, 12750511, 15489334, 12914693, 12970355, 10893419, 12477932, 9811770, 14614829, 15642098, 12840737, 12419264, 14550573, 12808466, 12808465, 16344560, 12830140	cellular process
TTC9	>0.00	18699990, 15489334, 16678794, 9039502, 12477932	nucleic acid binding
POLR2E	>0.00	16838299, 12642036, 14569024, 9488465, 2449431, 10866664, 12221105, 10931842, 7828586, 8800208, 8946909, 12379213, 8637904, 10617616, 10698937, 12477932, 19237606, 12226669, 2753903, 10536359, 10545121, 12391170, 10066804, 12114499, 10567706, 14743216, 14615539, 8676484, 9184228, 1939271, 16289656, 10757782, 15635413, 10725406, 2190099, 10329125, 10438593, 10958691, 9696809, 9874563, 12634356, 8876177, 12887902, 10069959, 12676794, 11809800, 8910388, 8034326, 9054383, 9121429, 7853496, 9405375, 11790298, 9311822, 9201987, 7638159, 15057824, 12089333, 9765201, 9334327, 14702039, 8934526, 10704353, 1559613, 10373521, 9409616, 10784442, 9570510, 11112772, 9651670, 12775419, 11547919, 12049628, 12393188, 9790902, 15175163, 11278533, 9315662, 9512541, 8849451, 9491887, 12126615, 10359081, 15489334, 11080476, 2071613, 17168834, 10364292, 10393184, 12052871, 16169872	RNA polymerase activity
POLR2G	>0.00	16838299, 12642036, 14569024, 9488465, 2449431, 10866664, 12221105, 10931842, 10777215, 16305752, 8800208, 8946909, 12379213, 8637904, 10617616, 10698937, 12477932, 12226669, 10536359, 10545121, 10066804, 12114499, 10567706, 12912922, 8676484, 9184228, 1939271, 16289656, 10757782, 17168834, 10725406, 2190099, 10329125, 10438593, 10958691, 9696809, 9874563, 12634356, 8876177, 12887902, 10069959, 12676794, 16282592, 11809800, 8910388, 9256063, 9054383, 12140684, 9121429, 7853496, 9405375, 9311822, 9201987, 7638159, 12089333, 9765201, 9334327, 8934526, 10704353, 17848138, 1559613, 10373521, 9409616, 10784442, 9570510, 14667819, 7579693, 11112772, 9651670, 16327806, 12775419, 11547919, 12049628, 9790902, 15175163, 9315662, 9512541, 8849451, 9491887, 12126615, 10359081, 15489334, 11080476, 9528765, 9704926, 10364292, 10393184, 12052871	RNA polymerase activity
POLR2F	>0.00	16838299, 12642036, 14569024, 10438593, 2449431, 10866664, 18505059, 12221105, 10931842, 18029348, 8800208, 8946909, 10902924, 12379213, 8637904, 10617616, 10698937, 12477932, 19237606, 7803819, 12226669, 10393248, 10536359, 10545121, 12391170, 10066804, 12114499, 8676484, 9184228, 1939271, 16289656, 10757782, 17168834, 10725406, 8786150, 2190099, 10329125, 10958691, 10542096, 9696809, 9874563, 12634356, 8876177, 12887902, 10069959, 12676794, 11809800, 8910388, 9054383, 10591208, 9121429, 7853496, 9405375, 9311822, 9201987, 7638159, 12089333, 9765201, 9334327, 14702039, 10623476, 8934526, 10704353, 1559613, 10373521, 9409616, 10784442, 9570510, 11112772, 9651670, 16344560, 12775419, 11547919, 12049628, 9790902, 15175163, 9315662, 9512541, 8849451, 9491887, 12126615, 10359081, 15489334, 11080476, 15461802, 10364292, 10393184, 12052871	RNA polymerase activity
POLR2B	>0.00	17583472, 17584298, 16838299, 12642036, 14569024, 14992727, 10438593, 2449431, 9311822, 12221105, 10931842, 15670829, 8800208, 8946909, 12379213, 8637904, 10617616, 10698937, 12477932, 19237606, 17494052, 12226669, 15642098, 8619474, 10536359, 10545121, 10066804, 9765201, 17353931, 10567706, 8676484, 9184228, 1939271, 16289656, 17499043, 10757782, 17168834, 10725406, 2190099, 10329125, 10958691, 10866664, 9696809, 9874563, 12634356, 8876177, 12887902, 10069959, 12676794, 11809800, 8910388, 8034326, 9054383, 9121429, 7853496, 9405375, 2320128, 9201987, 7638159, 12089333, 12114499, 9334327, 8934526, 10704353, 15886393, 12050112, 1559613, 10373521, 9409616, 10784442, 9570510, 11112772, 9651670, 12775419, 11547919, 12049628, 18270511, 9790902, 15175163, 9315662, 9512541, 1518060, 9110174, 9491887, 12126615, 10359081, 15489334, 11080476, 10364292, 10393184, 15282305, 12052871, 8849451	RNA polymerase activity
POLR2K	>0.00	12114499, 15235609, 9311822, 10931842, 9201987, 7638159, 12089333, 12676794, 12379213, 10704353, 12213660, 12049628, 8676484, 10567706, 9790902, 12634356, 9184228, 1939271, 12226669, 10438593, 2449431, 9765201, 9334327, 9315662, 7651387, 10725406, 9512541, 1403646, 2190099, 8934526, 16838299, 10329125, 9491887, 12221105, 10373521, 12646563, 10359081, 12393749, 10866664, 8800208, 8946909, 15489334, 1559613, 9696809, 17714821, 11547919, 9874563, 8637904, 11080476, 10617616, 10698937, 8876177, 9409616, 12477932, 11809800, 10757782, 10069959, 12126615, 10958691, 17168834, 10364292, 19237606, 11112772, 8910388, 10393184, 10536359, 14569024, 9651670, 15175163, 9582279, 10784442, 12642036, 12887902, 9054383, 10545121, 12052871, 12775419, 9570510, 12391170, 9121429, 7853496, 9405375, 8849451, 10066804	RNA polymerase activity
POLR2J	>0.00	12114499, 9311822, 10931842, 9201987, 7638159, 12089333, 12379213, 10704353, 12676794, 12049628, 8676484, 8797801, 12634356, 9184228, 1939271, 12226669, 10438593, 2449431, 9765201, 9334327, 9315662, 17168834, 10725406, 9512541, 2190099, 8934526, 15586814, 10329125, 9491887, 12221105, 9607318, 10373521, 12853948, 10359081, 10866664, 8800208, 8946909, 15489334, 1559613, 9696809, 11547919, 9874563, 8637904, 12036295, 11080476, 10617616, 10698937, 8876177, 9409616, 12477932, 9790902, 11809800, 10757782, 16341674, 10069959, 12126615, 10958691, 10364292, 19237606, 11112772, 8910388, 10393184, 10536359, 16838299, 10783144, 9651670, 15175163, 16289656, 10784442, 12642036, 12887902, 9054383, 10545121, 12052871, 12775419, 9570510, 9121429, 14569024, 7853496, 9405375, 12207009, 8849451, 10066804	RNA polymerase activity
RER1	<=0.00	17932292, 16367971, 15489334, 3460413, 14988731, 12556449, 15642098, 9210469, 9210468, 17668005, 11815615, 16507594, 12972550, 11598240, 14764870, 15137946, 12872131, 1574125, 14702039, 8616155, 9689144, 15155888, 17085511, 16269340, 10409631, 8344302, 16618929, 11912227, 15710684, 17908202, 15123810, 14699055, 6098820, 11238450, 16107716, 11157978, 12477932, 15448140, 9428676, 9428675, 15606760, 12846565, 17932044, 7493968, 16169070, 10751409, 15998802, 11741988, 8707815, 15047759, 11792827, 10436225, 3468511, 18676811, 10734091, 15450959, 8849441, 9309388, 8631873, 12766230	intracellular transport
GML	>0.00	8934543, 12477932, 9169150, 15489334	nucleic acid binding
C4orf6	<=0.00	15489334, 18454448, 8889548, 9016955, 12477932	nucleic acid binding
PSMB7	>0.00	18549262, 15489334, 17416745, 14564014, 8666937, 15592455, 12719574, 15029244, 12167863, 9079628, 18462727, 9846577, 10436176, 11285280, 18768472, 14528301, 14528300, 12594202, 12809610, 12791267, 10384092, 12920286, 12859895, 8125298, 12750511, 14557625, 12914693, 12970355, 14527406, 18378283, 10893419, 12477932, 9811770, 9373149, 11205743, 11295498, 12840737, 12419264, 14550573, 7811265, 14702039, 14614829, 12808466, 12808465, 12830140, 8811196	cellular process
PSMB6	>0.00	12914693, 14564014, 12719574, 15029244, 12167863, 9079628, 9846577, 10436176, 11285280, 14528301, 14528300, 12809610, 12791267, 12920286, 12859895, 14681463, 12750511, 14557625, 12388758, 12970355, 15679890, 14527406, 10893419, 2306472, 9811770, 12477932, 11205743, 8811196, 12840737, 16169070, 12419264, 1888762, 14550573, 8066462, 7811265, 14614829, 12808466, 12808465, 15489334, 15222312, 12830140	cellular process
PSMB4	>0.00	8013624, 15489334, 14564014, 7918633, 15592455, 12719574, 15029244, 12167863, 11438941, 9079628, 9846577, 10436176, 11285280, 14528301, 14528300, 12809610, 12791267, 12920286, 12859895, 9344661, 12750511, 14557625, 12914693, 12970355, 14527406, 10893419, 16130169, 1286667, 9811770, 2306472, 11205743, 8811196, 18029348, 12840737, 18504423, 12419264, 9344905, 14550573, 12097147, 7811265, 12477932, 14614829, 12808466, 12808465, 15231748, 12830140	cellular process
PSMB3	>0.00	17353931, 14564014, 7918633, 12719574, 12015144, 15029244, 12167863, 9079628, 9846577, 10436176, 11285280, 14528301, 14528300, 12809610, 12791267, 12920286, 12859895, 9344661, 12750511, 14557625, 12914693, 12970355, 15679890, 14527406, 10893419, 1286667, 9811770, 12477932, 11205743, 8811196, 12840737, 12419264, 1510924, 14550573, 7811265, 14614829, 12808466, 12808465, 15489334, 15222312, 12830140	cellular process
PSMB1	<=0.00	17353931, 14564014, 15342556, 12719574, 14574404, 15029244, 12167863, 7966316, 9079628, 2025653, 9846577, 10436176, 11285280, 14528301, 14528300, 12809610, 12791267, 15848047, 12920286, 12859895, 15194198, 7558012, 8125298, 12750511, 14557625, 12914693, 12970355, 14527406, 10893419, 2306472, 9811770, 12477932, 9373149, 11205743, 12525704, 8811196, 12840737, 12419264, 14499622, 14550573, 7811265, 14702039, 14614829, 15231747, 12808466, 12808465, 15489334, 12830140	cellular process
ZNF137	<=0.00	7557990, 12477932, 15489334	nucleic acid binding
ANKRD46	>0.00	14702039, 8619474, 9110174, 12477932, 15489334	nucleic acid binding
HIST1H2AI	>0.00	9566873, 12408966, 11080476, 10064132, 12477932, 14657027, 9439656, 11689053	nucleosome assembly
HIST1H2AD	>0.00	9566873, 12408966, 11080476, 12477932, 9119399, 14657027, 10384058, 9439656, 11689053	nucleosome assembly
HIST1H2AC	>0.00	16319397, 9566873, 15635413, 16702407, 16359901, 12408966, 11080476, 15010469, 12477932, 16457589, 15386022, 9119399, 14657027, 9149941, 15823041, 9439656, 15489334, 15078818, 11689053	nucleosome assembly
HD	<=0.00	15875012	cellular biosynthetic process
RPL35	<=0.00	15064350, 17932292, 8879236, 7821789, 2191628, 15489334, 17460045, 15964273, 17353931, 16720695, 2583083, 16367971, 16507594, 11025545, 14567916, 16143836, 16143837, 10213627, 15635413, 15164053, 10071206, 16622701, 18029348, 15710683, 15710684, 15701785, 2891103, 8282737, 15189156, 12000678, 8062839, 14743216, 12535521, 17535914, 12477932, 9482869, 8076819, 10669795, 11401437, 16341674, 8672129, 8616232, 11094061, 1741302, 18523488, 15998802, 14681463, 11913794, 17040130, 11675593, 16452484, 16678168, 7632918, 16170454, 12962325, 2040309, 15450959, 15849308, 15738400, 8722009, 11782532	cellular biopolymer metabolic process
RPL31	<=0.00	17932292, 7821789, 2597680, 15964273, 17353931, 15579683, 16507594, 11790298, 11469597, 14567916, 17351118, 15563613, 2780320, 12962325, 17085511, 8000007, 15146197, 11746496, 15710684, 12826625, 15489334, 15815621, 15189156, 17460045, 12477932, 11641402, 15592455, 15470259, 8889548, 16262695, 15998802, 11454753, 17081983, 16189514, 9582194, 11866526, 16307308, 15450959, 15849308, 15738400, 8722009, 11875025, 16344560	translational elongation
SMARCC1	>0.00	19367581, 19156145, 8804307, 15302935, 10943845, 17513758, 14966121, 9693044, 9590696, 9891079, 10078207, 11078522, 12665591, 18581278, 15489334, 11950834, 14743216, 10619021, 11013263, 15144186, 12477932, 11784859, 16083285, 11734557, 9744861, 9845365, 11726552, 8889548, 11018012, 12917342, 17081983, 16568092, 11238380, 9710619, 16199878, 12244326, 8895581, 14530271, 12837248	chromatin remodeling
HMGN4	>0.00	12477932, 14574404, 9149941, 15489334, 11410162, 16344560	nucleic acid binding
SDF2	>0.00	16618929, 15489334, 8918255, 12477932	nucleic acid binding
TAF1A	>0.00	10913176, 16710414, 11250901, 14702039, 9582279, 19246067, 15113842, 11163245, 15723054, 12477932, 15226435, 8013460, 11250903, 12646563, 12393749, 7801123, 10894955, 15489334	transcription regulator activity
DRP2	<=0.00	17932292, 16367971, 8640231, 15068267, 7798310, 16798888, 16507594, 11744727, 7992056, 16497834, 15858820, 8668172, 16143836, 16143837, 14702039, 11087734, 15964273, 16143838, 15143209, 17085511, 12671093, 11430802, 15235119, 15710684, 15701785, 16678098, 12951196, 10767429, 15657081, 16170454, 16854501, 12535521, 12477932, 9482869, 9395399, 15849308, 12228605, 11593046, 18401567, 10648596, 15998802, 15123830, 15027329, 14615590, 1721866, 15837918, 17105906, 7894023, 17233888, 15450959, 12407204, 15738400, 12679234, 17044845	synapse organization
TRBV21-1	>0.00	8650574, 14702039, 12477932	nucleic acid binding
HIST1H3H	>0.00	9566873, 16189514, 12408966, 11080476, 12477932, 14657027, 9439656, 11689053	nucleosome assembly
MKRN3	<=0.00	10196367, 16344560, 12477932, 15489334	nucleic acid binding
POLR2H	>0.00	16838299, 12642036, 14569024, 10438593, 2449431, 10866664, 3754875, 16632472, 12221105, 10931842, 8800208, 8946909, 12379213, 8637904, 10617616, 10698937, 12477932, 19237606, 12226669, 10536359, 10545121, 12391170, 10066804, 12114499, 17353931, 10567706, 14743216, 8676484, 9184228, 1939271, 10757782, 17168834, 10725406, 2190099, 10329125, 10958691, 9696809, 9874563, 12634356, 8876177, 12887902, 10069959, 12676794, 11809800, 8910388, 8524256, 9582279, 9054383, 9121429, 7853496, 9405375, 11790298, 9311822, 9201987, 7638159, 12089333, 9765201, 9334327, 10364292, 8934526, 10704353, 1559613, 10373521, 9409616, 10784442, 9570510, 11112772, 9651670, 12646563, 12775419, 11547919, 12049628, 9790902, 15175163, 9315662, 9512541, 1403646, 8849451, 9491887, 12126615, 10359081, 12393749, 15489334, 11080476, 7651387, 15635413, 10393184, 12052871	RNA polymerase activity
KIAA0146	<=0.00	14702039, 12477932, 8590280, 15858003, 15489334, 15502879	nucleic acid binding
MAGEA9	>0.00	12477932, 9147653, 10521804, 11211869, 7927540, 15900605, 8575766, 15489334	""
SLC17A2	<=0.00	14574404, 12477932, 9149941	nucleic acid binding
DGCR11	<=0.00	8776594	""
DDX18	>0.00	8861962, 14702039, 12665801, 12477932, 18351129, 15489334	nucleic acid binding
PSMC1	>0.00	10625621, 15358861, 17353931, 14564014, 18701681, 14743216, 10970867, 12719574, 15029244, 15489334, 12167863, 9079628, 9846577, 11285280, 14528301, 14528300, 11361004, 12809610, 12791267, 12920286, 12859895, 8125298, 18247114, 12750511, 14557625, 12914693, 12970355, 14527406, 10893419, 16305752, 12477932, 9811770, 15144186, 9373149, 14614829, 8811196, 14578856, 18029348, 12840737, 1429620, 12419264, 8806779, 9452483, 10748218, 16189514, 9473509, 11734547, 12140684, 14702039, 12808466, 12808465, 12830140, 14550573, 6188845	cellular process
PSMC2	>0.00	10625621, 15489334, 17353931, 14564014, 12665801, 14743216, 7711076, 11734547, 15029244, 12167863, 9079628, 9295362, 9846577, 14527406, 11285280, 10409732, 14528301, 14528300, 11118327, 11118325, 11361004, 12809610, 12791267, 12853948, 15642098, 12970176, 15340068, 12750511, 1377363, 12914693, 12970355, 12808466, 10893419, 16130169, 12477932, 9811770, 12920286, 14614829, 8811196, 14557625, 12859895, 12840737, 12690205, 16169070, 12419264, 8247132, 15231748, 16305752, 14550573, 16189514, 17220478, 9473509, 12719574, 12140684, 1602151, 12808465, 16236267, 8500623, 12830140	cellular process
PSMC3	>0.00	14743216, 17353931, 14564014, 14556007, 15221960, 15029244, 15342556, 12719574, 14665636, 12167863, 9079628, 9846577, 10806355, 11285280, 14528301, 14528300, 9048938, 9714759, 11282978, 16713569, 12809610, 12791267, 12920286, 15642098, 8125298, 11463857, 12750511, 8500623, 12914693, 12970355, 17334400, 10799514, 14527406, 9345291, 10893419, 2194290, 12477932, 9811770, 10339605, 14614829, 8811196, 12859895, 12840737, 14557625, 14610662, 12419264, 8621709, 16305752, 14550573, 9373149, 17220478, 9473509, 8323548, 8419915, 12808466, 12808465, 16169070, 15489334, 12830140	cellular process
PSMC6	>0.00	12499840, 15489334, 17353931, 14564014, 14615539, 10419517, 12719574, 15029244, 12167863, 9079628, 9846577, 11285280, 14528301, 14528300, 16501559, 11361004, 12809610, 12791267, 12920286, 15642098, 12750511, 14557625, 12914693, 11590019, 12970355, 14527406, 10893419, 12477932, 9811770, 14614829, 16341674, 8811196, 12859895, 12840737, 12419264, 8674546, 8621709, 14550573, 16189514, 9473509, 11734547, 12808466, 12808465, 9464850, 12830140, 10363644	cellular process
CLEC10A	<=0.00	15489334, 8598452, 8889548, 12477932	nucleic acid binding
ZXDA	>0.00	16964243, 14702039, 8268913, 12477932, 15772651, 17493635, 15489334	nucleic acid binding
RPL18	>0.00	17932292, 7821789, 12140684, 16964243, 15964273, 14743216, 15579683, 16507594, 11790298, 11469597, 14567916, 17934214, 17351118, 17158604, 15563613, 15635413, 12962325, 17085511, 8000007, 15679890, 16305752, 14499622, 15710684, 12826625, 15489334, 16751257, 15955926, 15189156, 17460045, 12477932, 11641402, 15470259, 15123810, 16262695, 15998802, 11454753, 9582194, 11866526, 8218404, 16307308, 15450959, 15849308, 15738400, 8722009, 11875025	translational elongation
BTN3A1	>0.00	16344560, 12477932, 9373149, 14574404, 11170752, 9149941, 9382921, 8125298, 15489334	nucleic acid binding
RPL19	>0.00	17932292, 16367971, 15489334, 15068267, 7798310, 16798888, 14567916, 12149109, 1577483, 16507594, 11744727, 15123810, 7992056, 16497834, 8668172, 16143836, 16143837, 16609016, 15128875, 11087734, 15964273, 16143838, 15143209, 17085511, 8095182, 12671093, 15189156, 15642098, 15235119, 15710684, 15701785, 16678098, 15657081, 16170454, 12535521, 12477932, 11683713, 9482869, 9395399, 15849308, 12228605, 11593046, 18676770, 8125298, 10648596, 10964405, 3542997, 15998802, 15123830, 8278499, 14615590, 1721866, 9373149, 1598220, 7789970, 15837918, 7894023, 17244347, 11401437, 15450959, 12407204, 15738400, 8722009, 11933165	synapse organization
SMPDL3A	<=0.00	12442002, 14574404, 12477932, 16344560, 15489334	nucleic acid binding
SNRPD1	>0.00	10747894, 15489334, 11756452, 16247014, 10556282, 11713266, 7527560, 12975319, 11747828, 11135666, 15130578, 10942426, 10531003, 10747849, 11748230, 14524621, 11991638, 11714716, 11780068, 12477932, 9417867, 9168134, 10725331, 10025403, 10851237, 11101529, 1701240, 11522829, 2528429, 15146077, 3260384, 12234937, 14559993, 15231747, 11226169, 10601333, 11389857, 9323129	spliceosomal snRNP assembly
PSMB10	>0.00	15356131, 14564014, 8666937, 17541830, 12417987, 12719574, 15029244, 12167863, 9079628, 9846577, 10436176, 11285280, 14528301, 14528300, 12809610, 12519221, 12920286, 12859895, 8125298, 12750511, 12791267, 12914693, 12970355, 14527406, 8268911, 10893419, 12477932, 9811770, 9373149, 14614829, 8811196, 12840737, 14557625, 18694960, 16169070, 12419264, 14550573, 9551082, 10329130, 12606494, 12808466, 12808465, 16965406, 15489334, 12830140	cellular process
RNF113A	>0.00	9224902, 17081983, 12477932, 15772651, 15345747, 15489334	nucleic acid binding
ZNF273	<=0.00	14702039, 7865130, 12477932, 9847074, 15489334, 16344560	nucleic acid binding
C16orf45	<=0.00	10493829, 14702039, 12477932, 16169070, 15489334	nucleic acid binding
LOC161527	<=0.00	14702039, 12477932	nucleic acid binding
HIST1H3E	<=0.00	9566873, 12408966, 1916825, 12477932, 19034380, 9119399, 14657027, 17052464, 11080476, 9439656, 15664198, 11689053	nucleosome assembly
ZNF154	>0.00	14702039, 7557990, 15146197, 12477932, 16344560	nucleic acid binding
ATP6V1C1	<=0.00	14702039, 10224039, 11752456, 9442887, 12890556, 9210392, 11836511, 10340843, 12477932, 16415858, 2147024, 8250920, 10440860, 14597263, 16344560, 14580332, 10221984, 12788495, 15489334	energy coupled proton transport, down electrochemical gradient
RPL14	<=0.00	17932292, 16367971, 8325628, 15964273, 16720695, 8244780, 11790298, 14567916, 15137946, 15635413, 11369516, 17085511, 16622701, 18029348, 15710683, 8125298, 18697920, 15489334, 9417904, 17460045, 12477932, 9373149, 11401437, 17081983, 15998802, 15235119, 9480843, 14633996, 1386535, 12962325, 15189156, 15738400, 8549859, 8722009, 11875025	translational elongation
RPL17	>0.00	17932292, 12837548, 11790298, 15964273, 16679460, 10568039, 14567916, 15137946, 15635413, 12746537, 17085511, 15842620, 2402465, 15701785, 15489334, 17460045, 12477932, 12454917, 15123810, 17076249, 12110581, 11744727, 15998802, 7480339, 15710684, 11875025, 12761501, 12962325, 15450959, 15189156, 9582194, 15738400, 8722009, 15635096, 8590479	translational elongation
RPL11	<=0.00	15064350, 17932292, 8879236, 7821789, 2191628, 8672129, 17460045, 15964273, 16720695, 2583083, 16367971, 16507594, 11025545, 18426907, 14567916, 11790298, 12842086, 15308643, 18560357, 16143836, 16143837, 10213627, 18389627, 15195100, 10071206, 16803902, 17116689, 16622701, 10343117, 15642098, 15710683, 15710684, 15701785, 15489334, 8282737, 15189156, 12000678, 8062839, 12815950, 7748210, 15152193, 12535521, 17535914, 12477932, 9482869, 10669795, 19287375, 8616232, 11094061, 15123810, 17076249, 14612427, 1741302, 10353821, 15998802, 19061985, 17040130, 11675593, 16452484, 16678168, 7632918, 16170454, 12962325, 2040309, 15450959, 18697920, 15849308, 9582194, 15738400, 8722009, 17599065, 11782532	cellular biopolymer metabolic process
SMAP	>0.00	12477932	nucleic acid binding
KIAA0195	>0.00	14702039, 9110174, 12477932, 15146197, 8724849, 8619474, 16344560, 15489334	nucleic acid binding
ZNF134	>0.00	7557990, 12477932	nucleic acid binding
PSMB2	>0.00	14564014, 7918633, 12719574, 15029244, 12167863, 9079628, 9846577, 10436176, 11285280, 16710414, 14528301, 14528300, 12809610, 12791267, 12920286, 12859895, 9344661, 12750511, 1602151, 12914693, 12970355, 14527406, 10893419, 11282978, 12456675, 1286667, 9811770, 12477932, 11205743, 8811196, 16305752, 12840737, 14557625, 12419264, 14550573, 7811265, 14614829, 12808466, 12808465, 15489334, 12830140	cellular process
HIST1H2AE	>0.00	16319397, 15386022, 9566873, 16702407, 16359901, 12408966, 1916825, 11709551, 15010469, 12477932, 16457589, 14657027, 9119399, 14574404, 9325046, 11080476, 15823041, 9439656, 15489334, 15078818, 11689053	nucleosome assembly
RBMS2	<=0.00	1533657, 14702039, 12477932, 8041632, 8889548, 16169070, 15489334	nucleic acid binding
HIST1H2AG	<=0.00	9566873, 12408966, 11080476, 10064132, 12477932, 14657027, 11799066, 10384058, 9439656, 8179821, 11689053	nucleosome assembly
HIST1H2AB	>0.00	9566873, 15635413, 16702407, 16359901, 12408966, 11080476, 15010469, 12477932, 15386022, 9119399, 14657027, 15078818, 14993289, 15823041, 9439656, 6647026, 11689053	nucleosome assembly
C4orf10	<=0.00	9734812, 12477932	nucleic acid binding
FAM53B	>0.00	12107410, 14702039, 8590280, 12477932, 15489334	nucleic acid binding
PCDHGB7	<=0.00	10835267, 15744052, 9182820, 10380929, 12477932, 10817752, 10716726, 11230163, 15489334	homophilic cell adhesion
FLAD1	>0.00	16189514, 14702039, 9110174, 12477932, 16643857, 8619474	nucleic acid binding
ZNF141	>0.00	16344560, 9671765, 12477932, 8268908, 15489334	nucleic acid binding
HRB2	<=0.00	12454917, 12477932	nucleic acid binding
MUM1	>0.00	14702039, 12477932, 7644523, 11042152, 8889548, 16344560	regulation of transcription, DNA-dependent
C4orf8	<=0.00	8946164, 11169226, 9734812, 12477932	nucleic acid binding
PHC2	<=0.00	15064350, 17932292, 8879236, 12167701, 2191628, 15964273, 16720695, 2583083, 16367971, 15386022, 16507594, 11025545, 9121482, 15094067, 16143836, 16143837, 10213627, 16710414, 14702039, 10071206, 12384788, 16622701, 15710683, 15710684, 15701785, 15489334, 8282737, 12000678, 8062839, 12535521, 17535914, 12477932, 9482869, 10669795, 15563468, 8616232, 11094061, 1741302, 16169070, 15998802, 16189514, 17040130, 11675593, 16452484, 16678168, 15302935, 7632918, 16170454, 9199346, 2040309, 15450959, 15849308, 15738400, 10976766, 11782532	cellular biopolymer metabolic process
SKB1	>0.00	17334359	cellular component organization
KIAA0125	<=0.00	3138112, 14702039, 8590280, 12477932	nucleic acid binding
HIST1H2BD	>0.00	12757711, 11080476, 9566873, 15635413, 16307923, 16319397, 16283522, 12408966, 1916825, 16627869, 12477932, 16457587, 16916647, 9119399, 14574404, 14657027, 9710638, 16713563, 9439656, 15489334, 11689053	nucleosome assembly
HIST1H2BE	>0.00	16916647, 12757711, 9566873, 16307923, 16319397, 16283522, 12408966, 11080476, 16627869, 12477932, 422550, 9119399, 14574404, 14657027, 16713563, 9439656, 1768865, 15489334, 11689053	nucleosome assembly
HIST1H2BG	>0.00	12757711, 11790298, 12408966, 14574404, 11859126, 9973324, 16307923, 1916825, 16916647, 9119399, 14657027, 16713563, 12860195, 15489334, 16319397, 9566873, 11080476, 12477932, 422550, 9439656, 8814229, 11689053, 16457587, 16283522, 16627869, 14595808, 8620898, 15019208	nucleosome assembly
HIST1H2BC	<=0.00	9566873, 12408966, 11080476, 12477932, 422550, 17353931, 9119399, 14657027, 9439656, 11689053	nucleosome assembly
HIST1H2BH	>0.00	12757711, 16457587, 9566873, 16307923, 16319397, 16283522, 12408966, 11080476, 16627869, 12477932, 16916647, 9119399, 14574404, 14657027, 16713563, 9439656, 11689053	nucleosome assembly
GABPB2	>0.00	14702039, 15642098, 7958862, 12477932	nucleic acid binding
SMPDL3B	<=0.00	12477932, 16710414, 15489334	nucleic acid binding
LTB4DH	<=0.00	15642098	cellular biopolymer catabolic process
ZNF250	<=0.00	14702039, 16344560, 16189514, 12477932, 15489334	nucleic acid binding
PSME3	>0.00	12784391, 15489334, 17353931, 14564014, 9344661, 18235248, 15029244, 12719574, 7675458, 12167863, 9079628, 9840465, 9846577, 11285280, 16303743, 11859414, 14528301, 14528300, 9403698, 16713569, 9218537, 12809610, 12791267, 12920286, 15642098, 12750511, 14557625, 12914693, 12970355, 1968796, 14527406, 10893419, 7951316, 12477932, 9811770, 14614829, 8811196, 12859895, 12840737, 18343811, 19091860, 16169070, 12419264, 14550573, 16189514, 9590240, 17088425, 14702039, 12808466, 12808465, 18321762, 7545954, 12830140, 18309296, 16287166	cellular process
DGCR10	>0.00	8776594, 8889548	""
SMARCC2	<=0.00	14743216, 8804307, 15302935, 10943845, 9693044, 12192000, 10078207, 9435219, 11078522, 16713569, 12665591, 15035981, 15489334, 12368262, 12477932, 11013263, 11784859, 12837248, 9845365, 11726552, 15345747, 8889548, 16169070, 11018012, 12917342, 17081983, 11238380, 9710619, 12244326, 8895581, 16199878, 11734557	chromatin remodeling
KIAA0317	<=0.00	12508121, 12477932, 9205841, 15489334	nucleic acid binding
ZNF177	<=0.00	11549323, 15489334, 8661005, 12477932	nucleic acid binding
PSMB5	>0.00	18565852, 18502982, 8753855, 14564014, 14743216, 15029244, 12719574, 7820546, 12167863, 9079628, 7864893, 9846577, 10436176, 11285280, 15488952, 14528301, 14528300, 17262013, 17353931, 16537371, 12791267, 12920286, 12859895, 15944226, 8125298, 9382924, 12808466, 12914693, 12970355, 14527406, 10893419, 10692467, 2306472, 9811770, 12477932, 9373149, 11205743, 8811196, 12840737, 14557625, 12419264, 18519783, 14550573, 8066462, 18562081, 7811265, 12809610, 14614829, 15231747, 12750511, 12808465, 15489334, 12830140	cellular process
G10	<=0.00	15875012, 16760254	cellular biosynthetic process
ZNF516	<=0.00	15302935, 9039502, 12477932	nucleic acid binding
PMS2L3	>0.00	10737800, 8586419, 12477932, 7980603	ATP binding
NAB1	>0.00	17932292, 8349573, 10806107, 15068267, 11983892, 10368186, 17853270, 8590479, 15995001, 15137946, 16143839, 16452484, 8668170, 16143837, 15659633, 11497999, 16284312, 15278455, 8374951, 15964273, 11805055, 17085511, 15146197, 7624335, 18029348, 15190002, 11784321, 15710684, 8914534, 15489334, 15815621, 12477932, 3614194, 15738400, 12215522, 11641281, 8889548, 8543042, 15998802, 15235119, 17081983, 7480339, 11445540, 8647391, 15514055, 11018254, 2904436, 9418898, 11687510, 15450959, 12030330, 15635096, 11752390, 2779571, 15785851	structural molecule activity
AOX1	>0.00	17932292, 16367971, 2191628, 8537361, 11898433, 11538123, 9030762, 2040309, 15317583, 14674763, 16306143, 18923393, 11563970, 8043023, 12481087, 12519777, 10082968, 9862501, 17085511, 12823545, 15701788, 12054535, 9692918, 11784321, 8248161, 16672219, 9952445, 17460045, 10398712, 12477932, 10998255, 15123810, 8889548, 11405094, 11289304, 15998802, 15123830, 11302742, 10669795, 7632918, 10436225, 11582571, 7744070, 17334359, 17992631, 15785851, 7570184	metal ion binding
S100A9	<=0.00	16806487, 11058579, 17620599, 10464253, 19087201, 2149559, 15075348, 15277376, 18030206, 2656677, 12553726, 15905572, 19203362, 14654085, 12477932, 19201880, 16979015, 12167632, 8341667, 17237603, 16297907, 10551823, 12748257, 12833525, 8505358, 18044712, 15598812, 18588753, 17353931, 8423249, 11851337, 3405210, 12704215, 17936757, 9570563, 11867565, 15740587, 15642721, 17050004, 12489193, 18784990, 1562590, 16613612, 17429438, 10837826, 12137245, 19248102, 18537548, 17328050, 18786929, 18060880, 15069705, 15040889, 16682612, 18922970, 3313057, 10612291, 2478889, 18927283, 18405670, 15804046, 12645005, 12626582, 17187679, 12719414, 18029348, 19122197, 18689872, 17787039, 12937135, 17895549, 16690079, 1610833, 1549365, 16253391, 17126494, 12748056, 16216873, 8400238, 18339893, 12710851, 17095618, 13130482, 16033829, 16573830, 19059406, 9920411, 16710414, 17090475, 15489334, 12218151, 17852869, 1286667, 11708798, 19175737, 11803621, 8701470, 11564187, 18803290, 17222807, 17636430, 7759097	inflammatory response
S100A8	<=0.00	16806487, 11058579, 7849642, 1610833, 19087201, 2149559, 18030206, 12553726, 12477932, 17197440, 19201880, 16979015, 10571075, 8341667, 17644317, 16297907, 12748257, 12833525, 8505358, 18044712, 15598812, 18588753, 17353931, 8423249, 12719414, 3405210, 12704215, 17936757, 18374411, 11867565, 15642721, 17050004, 12489193, 2039599, 16613612, 17069562, 10837826, 12137245, 19248102, 18537548, 17429438, 11895856, 18786929, 18060880, 15069705, 17469085, 18922970, 3313057, 11435486, 15816004, 10771424, 18405670, 15804046, 12645005, 12626582, 18689872, 17787039, 12937135, 17895549, 16690079, 8619876, 3561500, 19210342, 16216873, 8400238, 18339893, 12710851, 12480428, 13130482, 1326551, 16033829, 16573830, 17557234, 3267695, 11141076, 9920411, 16710414, 15331440, 17090475, 15489334, 12218151, 17852869, 1286667, 11708798, 18832721, 12697438, 19175737, 16169070, 8701470, 11564187, 17636430, 7759097	inflammatory response
KIAA0513	<=0.00	9110174, 12477932, 9628581, 17010949, 8619474, 15489334	nucleic acid binding
PSMD9	>0.00	14564014, 16293776, 17360176, 12719574, 10567574, 15029244, 12167863, 9079628, 9846577, 11285280, 14528301, 14528300, 18701138, 12809610, 18504423, 12791267, 12920286, 15642098, 9653651, 12750511, 14557625, 12914693, 12970355, 10799514, 14527406, 10893419, 12477932, 9811770, 14614829, 8811196, 12859895, 12840737, 16099819, 12419264, 14550573, 16189514, 12778072, 19041685, 11940657, 19118035, 14702039, 17516568, 12808466, 12808465, 15489334, 18838534, 12830140	cellular process
PSMD8	>0.00	14743216, 15489334, 17353931, 14564014, 7621825, 15057824, 15342556, 12719574, 15029244, 12167863, 9079628, 9846577, 11285280, 14528301, 14528300, 12809610, 12791267, 12920286, 12859895, 16885229, 12750511, 14557625, 12914693, 12970355, 14527406, 10893419, 12477932, 9811770, 14614829, 8811196, 18029348, 12840737, 12419264, 14550573, 12808466, 12808465, 15231748, 11163772, 12830140	cellular process
APPBP1	>0.00	15642098	cellular biopolymer catabolic process
RPLP2	>0.00	12479870, 7821789, 16964243, 14981896, 14567916, 14729942, 3323886, 15635413, 16565220, 15146197, 14997482, 12379128, 10508479, 15489334, 1286669, 16807684, 12477932, 16920697, 8076819, 11401437, 9254014, 18675807, 10856704, 18422483, 17081983, 2153399, 15189156, 8722009, 11875025	translational elongation
SEC24C	>0.00	18329616, 17932292, 16367971, 2191628, 10075675, 11898433, 11538123, 7584044, 9030762, 2040309, 15317583, 14674763, 16306143, 15013749, 11563970, 12481087, 12519777, 10082968, 11252894, 9862501, 17085511, 12823545, 15701788, 17373700, 9692918, 11784321, 15489334, 9952445, 10398712, 12477932, 10998255, 10214955, 18692470, 10329445, 11405094, 11289304, 15998802, 15123830, 10669795, 11031247, 15302935, 7632918, 10436225, 11582571, 7744070, 15785851, 16189514	metal ion binding
TLOC1	>0.00	15642098	cellular biopolymer catabolic process
HNRPU	>0.00	12454917, 12477932	nucleic acid binding
ZNF167	>0.00	16189514, 14702039, 12477932, 1946370, 7814019, 1505991, 15489334	nucleic acid binding
ZNF184	>0.00	14702039, 9073517, 12477932, 18029348, 8889548, 16344560	regulation of transcription, DNA-dependent
ZNF187	<=0.00	14702039, 1569959, 12477932, 16344560	nucleic acid binding
ARHGAP19	>0.00	15164054, 14702039, 17454002, 9110174, 12477932, 12693554, 8619474, 15489334	nucleic acid binding
ZNF345	>0.00	9278146, 7865130, 15489334, 12477932, 14702039	nucleic acid binding
ACTL8	<=0.00	14702039, 12477932	nucleic acid binding
KIAA0232	>0.00	17081983, 14702039, 9039502, 12168954, 12477932, 16169070, 16344560	positive regulation of transcription
MGAT2	>0.00	2541446, 1736542, 8218172, 7635144, 9109416, 11228641, 2355006, 9367162, 8093218, 2649653, 14702039, 2829950, 8808595, 14681463, 11805078, 15489334, 3099781, 2283726, 2187500, 12477932, 8892864, 3264072, 12560567, 12621063, 2542563, 9579808, 16303743, 8673525, 7797505, 11530211	catalytic activity
GPR31	<=0.00	14574404, 12477932, 9205127	nucleic acid binding
LRRC6	<=0.00	12477932, 15489334	nucleic acid binding
IGLC1	<=0.00	16189514, 6273747, 4909564, 9074928, 7737190, 4814727, 2515285, 12477932, 3122211, 6404900, 12077254, 4215080, 4883841, 4415202, 5549568	antigen binding
RPP38	>0.00	15164054, 17474147, 9630247, 15635413, 15342556, 11455963, 8125298, 12477932, 14702039, 9373149, 10444065, 15489334, 9037013, 15096576	ribonuclease P activity
ZNF136	>0.00	16189514, 14702039, 7557990, 12477932, 7865130, 7649249, 15489334	nucleic acid binding
POLA2	<=0.00	15064350, 17932292, 8879236, 9705292, 2191628, 16964243, 15964273, 16720695, 2583083, 16367971, 16507594, 11025545, 9518481, 16143836, 16143837, 10213627, 6693436, 10071206, 16622701, 8223465, 9822671, 15231747, 15710683, 15710684, 15701785, 15489334, 12181327, 8282737, 11433027, 12000678, 8062839, 11282978, 12535521, 17535914, 12477932, 9482869, 10669795, 19237606, 8616232, 11094061, 1741302, 16169070, 1902230, 15998802, 16305752, 12546699, 17040130, 11675593, 16452484, 16678168, 15302935, 7632918, 16170454, 14702039, 2040309, 15450959, 15849308, 15738400, 14671022, 11473323, 11782532	cellular biopolymer metabolic process
RPP30	>0.00	15164054, 9630247, 15635413, 17081983, 11455963, 8125298, 12477932, 14702039, 9373149, 16344560, 11930014, 9308968, 17033964, 15489334, 9037013, 8889548, 15096576	ribonuclease P activity
PMS2L5	>0.00	8586419, 12477932, 7980603	ATP binding
MPST	<=0.00	16545926, 14702039, 15461802, 12477932, 10591208, 18029348, 9070219, 1953758, 15489334	3-mercaptopyruvate sulfurtransferase activity
RPS23	>0.00	17932292, 7821789, 15964273, 15579683, 16507594, 11469597, 15123810, 17351118, 15563613, 15635413, 12588972, 8415000, 17085511, 8000007, 15883184, 15710684, 12826625, 15489334, 15189156, 17460045, 7829101, 12477932, 11641402, 15470259, 8889548, 16262695, 15998802, 11454753, 9582194, 11866526, 14702039, 16307308, 15450959, 15849308, 15738400, 8722009, 8706699	translational elongation
RPS28	>0.00	17932292, 15964273, 17353931, 15579683, 16507594, 11469597, 17934214, 17351118, 15563613, 12588972, 8415000, 17085511, 8000007, 15883184, 15710684, 12826625, 18697920, 15489334, 15189156, 12477932, 11641402, 15470259, 16169070, 16262695, 15998802, 11454753, 16189514, 9582194, 11866526, 16307308, 15450959, 15849308, 15738400, 8722009, 8706699, 11875025, 16344560	translational elongation
PRRT1	<=0.00	14702039, 12477932, 19116923, 15489334, 14656967, 19143821	nucleic acid binding
ZMAT2	>0.00	14702039, 15642098, 15635413, 12477932, 15489334	nucleic acid binding
KIAA0247	<=0.00	15489334, 9039502, 12477932	nucleic acid binding
DNA2L	<=0.00	15642098	cellular biopolymer catabolic process
STCH	>0.00	15642098, 12354159	cellular biopolymer catabolic process
SRP14	>0.00	15064350, 17932292, 8879236, 2153922, 2191628, 15489334, 15964273, 17353931, 16720695, 2583083, 16367971, 16429126, 16507594, 11025545, 18455985, 11790298, 17200106, 16143836, 16143837, 10213627, 15635413, 16554755, 10071206, 18467557, 10921896, 16622701, 15642098, 15710683, 15710684, 15701785, 9169867, 8282737, 7542942, 12000678, 8062839, 18448120, 12535521, 17535914, 9016560, 9482869, 10669795, 7925282, 18719252, 8616232, 11094061, 1741302, 8196634, 15998802, 17040130, 11675593, 16452484, 16678168, 7632918, 16170454, 12477932, 2040309, 15450959, 15849308, 8849441, 15738400, 11089964, 2557625, 11782532	cellular biopolymer metabolic process
BTN3A2	>0.00	19204726, 12477932, 14574404, 11170752, 9149941, 9382921, 19295542, 15489334	nucleic acid binding
BTN3A3	>0.00	15340161, 10354554, 12477932, 9373149, 14574404, 11170752, 9149941, 8125298, 15489334	nucleic acid binding
MAGEA12	<=0.00	8276455, 16189514, 17634428, 12477932, 10854409, 18197853, 7927540, 8575766, 8037761, 15489334	""
TCTEL1	<=0.00	12477932, 9677391	nucleic acid binding
RPS16	>0.00	17932292, 12837548, 2016298, 15964273, 17353931, 14743216, 11683713, 7821789, 16679460, 10568039, 15137946, 15635413, 12588972, 11101529, 12746537, 18318121, 17085511, 11082045, 15883184, 15842620, 15710684, 15701785, 15489334, 11790298, 17460045, 12477932, 17881366, 12082018, 8672129, 12110581, 11744727, 8889548, 15998802, 17334359, 7480339, 9582194, 11875025, 14702039, 15450959, 18697920, 15189156, 17220478, 15738400, 8722009, 8706699, 15635096, 8590479	translational elongation
RPS18	<=0.00	17932292, 8349573, 10806107, 15068267, 11983892, 10368186, 11790298, 8590479, 15995001, 15123810, 15137946, 16143839, 16452484, 16143837, 15659633, 15635413, 11497999, 16284312, 12588972, 15278455, 8374951, 15964273, 11805055, 17085511, 1872840, 15883184, 15190002, 11784321, 15710684, 8914534, 15189156, 17460045, 12658628, 12477932, 3614194, 15738400, 7923143, 8441687, 12215522, 12145273, 10964405, 11641281, 8543042, 15679890, 15998802, 15235119, 7480339, 11445540, 8647391, 15514055, 15607421, 2904436, 14574404, 15450959, 15532723, 15635096, 9582194, 11752390, 8722009, 8706699, 2779571, 15785851	structural molecule activity
ARL4	<=0.00	12454917, 12477932	nucleic acid binding
KIAA0258	>0.00	15642098	cellular biopolymer catabolic process
MFAP3	<=0.00	14702039, 15642098, 7782085, 12477932, 15489334	nucleic acid binding
TAF1B	>0.00	11683718, 15815621, 10913176, 16344560, 15723054, 9582279, 17456004, 12477932, 12140758, 11250901, 11250903, 12646563, 15642098, 12393749, 7801123, 10894955, 18462614, 15489334	transcription regulator activity
ATP6V1F	<=0.00	8012384, 15489334, 9442887, 11836511, 10340843, 12477932, 9210392, 10440860, 14597263, 16169070, 12690205, 8621738, 10224039, 14580332, 10221984, 12788495, 8581736	energy coupled proton transport, down electrochemical gradient
IGLC2	<=0.00	6273747, 814163, 4909564, 9074928, 1249422, 4814727, 7737190, 4883841, 12077254, 12477932, 3122211, 6404900, 2115572, 4215080, 2515285, 11955599, 4415202, 5549568	antigen binding
HNRPK	>0.00	15642098	cellular biopolymer catabolic process
SFXN3	<=0.00	14702039, 12477932, 16303743	nucleic acid binding
CCT7	>0.00	15064350, 17932292, 8879236, 8641269, 2191628, 15964273, 16720695, 2583083, 16367971, 16429126, 18715871, 16507594, 11025545, 11805826, 15123810, 18780730, 16762366, 17200106, 16143836, 16143837, 10213627, 8982604, 10071206, 14660704, 14532270, 11914276, 16622701, 16085932, 15642098, 15710683, 15710684, 8125298, 15701785, 15489334, 15815621, 8282737, 7953530, 12000678, 8062839, 8771707, 16236267, 12535521, 17535914, 12477932, 9482869, 10669795, 11532003, 8616232, 11094061, 15347653, 18782753, 1741302, 16169070, 9250675, 9819444, 15998802, 15704212, 9373149, 17040130, 11675593, 16452484, 16678168, 7632918, 16170454, 2040309, 15450959, 11591653, 15849308, 8849441, 15738400, 16319894, 16287166, 11782532	cellular biopolymer metabolic process
HIST1H2BF	>0.00	9566873, 12408966, 11080476, 10064132, 12477932, 422550, 9119399, 14657027, 9439656, 11689053	nucleosome assembly
TAF13	>0.00	11533254, 15448131, 8764062, 10384286, 15875012, 17074814, 8764009, 11914276, 11805826, 15123810, 8962109, 1939271, 17200106, 2449431, 16710414, 16155567, 16554755, 9488465, 18467557, 9288741, 12138208, 8121496, 8680883, 17919657, 15642098, 12052880, 8946909, 7933101, 10521393, 15489334, 12093919, 10864925, 10788514, 12477932, 10384273, 7729427, 12878157, 11238921, 12840001, 9695952, 7835343, 11283351, 9118213, 8849441, 9054383, 17314980, 7836461, 9169872, 9405375, 8849451	RNA elongation from RNA polymerase II promoter
TAF11	>0.00	11533254, 15448131, 8764062, 8670810, 10384286, 15875012, 17074814, 8764009, 9311784, 11238911, 8083216, 18187511, 14574404, 8820923, 11805826, 15123810, 8962109, 9584164, 1939271, 17200106, 2449431, 9632676, 7667272, 16554755, 14580349, 9488465, 16407318, 9288741, 12138208, 18586732, 8121496, 9083082, 8680883, 17919657, 12052880, 15060133, 7933101, 10521393, 9153318, 9159119, 10788514, 15657423, 10384273, 12477932, 7729427, 8946909, 8662725, 10688190, 11238921, 12840001, 9045704, 9695952, 7835343, 18613951, 18805955, 11283351, 9118213, 8849441, 11940675, 16429126, 9054383, 7836461, 9169872, 9405375, 15489334, 9844640, 8849451	RNA elongation from RNA polymerase II promoter
TAF10	<=0.00	11438666, 15647753, 17200106, 2449431, 11063681, 12446794, 8121496, 9153318, 8680883, 14660704, 8946909, 10788514, 18613951, 10384273, 15123810, 10839822, 11585915, 9885573, 14499622, 9885574, 11406595, 16319894, 14718168, 15448131, 10384286, 11805826, 8962109, 1939271, 12215531, 16554755, 15380071, 9169867, 12524336, 7836461, 12093743, 15657441, 15657442, 8530084, 16888622, 8662725, 10688190, 11940675, 10751405, 9054383, 17599049, 9405375, 14660634, 8764062, 17074814, 8598193, 9742103, 12840001, 12138208, 9083082, 15260971, 12052880, 11564863, 17919657, 7923369, 11485989, 18719252, 10469660, 9844640, 9118213, 16429126, 15282323, 14580349, 12762840, 7667272, 11533254, 8764009, 9154807, 8083216, 15099517, 12101232, 8849451, 9154123, 18488019, 9288741, 18586732, 12660246, 15060133, 7933101, 15489334, 7680771, 11485988, 11158301, 9674425, 9674426, 11238921, 15659401, 16155567, 16169070, 7835343, 16407318, 8849441, 10373431, 12477932, 7729427, 15870280, 16415881	transcription initiation factor activity
PCDHB11	<=0.00	10835267, 11322959, 9182820, 10380929, 12231349, 19054571, 12477932, 10817752, 10716726, 11230163, 15489334	homophilic cell adhesion
PCDHB17	<=0.00	14672974, 10835267, 15744052, 11322959, 9182820, 10380929, 10817752, 10716726, 11230163	homophilic cell adhesion
HIST1H2BJ	>0.00	12757711, 12408966, 2917990, 12686141, 14574404, 9439656, 16627869, 11859126, 16307923, 16916647, 14657027, 16713563, 12860195, 16319397, 9566873, 11080476, 12477932, 11799066, 10384058, 11689053, 16283522, 10064132, 8620898, 15019208, 11709551, 19084217, 6647026	nucleosome assembly
TAF1C	>0.00	10913176, 15723054, 14702039, 9582279, 15970593, 11698641, 16344560, 12477932, 15226435, 11250901, 11250903, 12646563, 12393749, 7801123, 16055704, 10894955, 15489334	transcription regulator activity
WDR67	>0.00	14702039, 12477932, 15489334	nucleic acid binding
PSMD5	<=0.00	10625621, 14564014, 12665801, 12719574, 15029244, 12167863, 9079628, 9846577, 11285280, 1317798, 14528301, 14528300, 12809610, 12791267, 12920286, 15642098, 12750511, 14557625, 12914693, 7584044, 12970355, 18029348, 14527406, 10893419, 12477932, 9811770, 14614829, 8811196, 12859895, 12840737, 12419264, 7559544, 14550573, 16189514, 14702039, 12808466, 12808465, 15489334, 8125911, 12830140	cellular process
PSMD7	>0.00	15489334, 17353931, 14564014, 12368243, 14743216, 15221960, 12719574, 12830140, 15029244, 12167863, 9079628, 16396496, 9846577, 11285280, 17028202, 14528301, 14528300, 12809610, 12791267, 12920286, 15642098, 12750511, 14557625, 12914693, 12970355, 14527406, 10893419, 16305752, 12477932, 9811770, 15383276, 17559875, 14614829, 12237292, 12859895, 12840737, 9520381, 12419264, 7755639, 16842755, 14550573, 11734547, 12140684, 14702039, 12808466, 12808465, 12944474, 6188845, 2209467, 8811196	cellular process
PSMD6	>0.00	12914693, 17353931, 14564014, 14743216, 12719574, 15029244, 12167863, 9079628, 9846577, 11285280, 14528301, 14528300, 10723133, 12809610, 12791267, 12920286, 12859895, 12750511, 14557625, 7788527, 12970355, 14527406, 10893419, 12477932, 9811770, 14614829, 12840737, 12419264, 14550573, 14702039, 12692129, 12808466, 12808465, 15489334, 12830140	cellular process
PSMD1	>0.00	16964243, 15489334, 15815621, 17353931, 14564014, 14743216, 15029244, 12719574, 8816993, 12167863, 9079628, 9846577, 11285280, 16097034, 14528301, 10671488, 16501559, 11361004, 12809610, 12791267, 12920286, 12859895, 12750511, 14557625, 12914693, 12970355, 14527406, 10893419, 12477932, 9811770, 14614829, 8811196, 15642098, 12840737, 16737963, 12419264, 14550573, 15302935, 12808466, 12808465, 14528300, 15231748, 18534977, 12830140	cellular process
PSMD2	<=0.00	10625621, 17353931, 14564014, 12719574, 15029244, 12167863, 8774743, 9079628, 9846577, 11285280, 18544348, 18337449, 14528301, 14528300, 11278995, 12809610, 12791267, 12920286, 15642098, 12750511, 9126987, 12914693, 12970355, 14527406, 10893419, 16305752, 12477932, 9811770, 14614829, 8811196, 12859895, 12840737, 14557625, 16169070, 12419264, 7601280, 17081983, 14550573, 16189514, 11734547, 7639698, 12140684, 14702039, 12692129, 12808466, 12808465, 15489334, 12830140	cellular process
TMEM41B	>0.00	15642098, 7584026, 8889549, 7584028, 12477932	acid-amino acid ligase activity
SLC35F2	>0.00	14702039, 16344560, 17581869, 12477932, 9119394	nucleic acid binding
IER2	>0.00	2061303, 12477932, 15489334	nucleic acid binding
ZNF266	<=0.00	14702039, 7865130, 16628192, 12477932, 15489334	nucleic acid binding
KIAA0261	>0.00	12477932	nucleic acid binding
LOC91316	>0.00	14702039, 8678981, 12477932, 2511029	nucleic acid binding
KPNA3	>0.00	9303297, 8041786, 8551560, 9557700, 10525473, 9395085, 8552640, 11035935, 8529100, 17981117, 9275210, 7585960, 10100610, 9548947, 14759373, 16644122, 8041734, 15635413, 9603322, 11389849, 7859280, 9918876, 7494303, 16713569, 1631159, 9463369, 12740372, 8105392, 9282826, 8125298, 15489334, 10366569, 10860744, 10523667, 15037073, 9562972, 7745752, 14743216, 17353931, 12477932, 9008157, 8659115, 9373149, 8876228, 12414950, 17081983, 10964507, 15057270, 9366553, 11278458, 9154134, 10888652, 16189514, 9593140, 10744690, 9435235, 15882913, 2064827, 11904219, 16344560, 12368302	NLS-bearing substrate import into nucleus
POLR2L	<=0.00	12114499, 9311822, 10931842, 9201987, 7638159, 12089333, 14743216, 12379213, 10704353, 12676794, 12049628, 8676484, 10567706, 9790902, 12634356, 9184228, 1939271, 12226669, 10438593, 2449431, 9765201, 15231747, 9334327, 9315662, 7651387, 10725406, 9512541, 1403646, 2190099, 8934526, 16838299, 10329125, 11112772, 9491887, 12221105, 9651670, 10373521, 10359081, 10866664, 8800208, 8946909, 15489334, 1559613, 9696809, 11547919, 9874563, 8637904, 11080476, 10617616, 10698937, 8876177, 9409616, 10474687, 11809800, 10757782, 10069959, 12126615, 10958691, 17168834, 10364292, 8889548, 8910388, 10393184, 10536359, 12477932, 8524256, 14569024, 8786124, 15175163, 16189514, 10784442, 12642036, 12887902, 9054383, 10545121, 12052871, 12775419, 9570510, 12391170, 9121429, 7853496, 9405375, 8849451, 10066804	RNA polymerase activity
SPHAR	>0.00	7799938, 12477932, 16710414	nucleic acid binding
KIAA0114	>0.00	7788527, 15489334, 11752456, 12477932	nucleic acid binding
RFC3	>0.00	17932292, 8302859, 15489334, 10913172, 1346062, 15470261, 15642098, 10660302, 11907025, 12171929, 11914276, 15901673, 8692848, 11572977, 11805826, 12604797, 13678589, 17200106, 12390024, 7651383, 9092549, 15635413, 12930902, 10051561, 12192049, 15941397, 15964801, 17456004, 18467557, 17085511, 12665596, 11432854, 14605214, 10884395, 9822671, 8995429, 9228079, 11389843, 15710684, 8125298, 10072354, 14530260, 14702039, 16344560, 16793392, 9121429, 18613951, 12477932, 7774928, 9488738, 9373149, 18719252, 19237606, 11805837, 15123810, 8441605, 16155567, 11287619, 11486023, 15998802, 11283351, 8849441, 17308348, 9111189, 16429126, 12766176, 17314980, 18923393, 15450959, 15701785, 9169873, 10581271, 15738400, 15014082, 8063832, 16554755, 12912927	protein-DNA loading ATPase activity
RFC2	>0.00	18245774, 1346062, 8641269, 10783165, 15489334, 10913172, 17932292, 10660302, 11907025, 1313560, 15901673, 8093561, 12036885, 12604797, 8692848, 11805826, 15137946, 13678589, 17200106, 8651315, 12390024, 7651383, 12766176, 15635413, 12930902, 10051561, 16608854, 10581271, 15964801, 8202350, 18467557, 12791985, 12665596, 11432854, 14605214, 9822671, 8995429, 9671499, 11389843, 15710684, 9228079, 10072354, 14530260, 16413017, 12171929, 9121429, 15005706, 12477932, 19237606, 7774928, 9488738, 12853948, 18719252, 12454917, 11805837, 15123810, 16155567, 11287619, 15096576, 11486023, 9751713, 9710632, 11003705, 15655353, 8849441, 17308348, 9111189, 16429126, 18586732, 12912927, 12192049, 18923393, 15450959, 15014082, 16793392, 8068208, 16554755, 8812460, 11744727	protein-DNA loading ATPase activity
ATP6V0B	<=0.00	10224039, 9442887, 12890556, 15249206, 11836511, 10340843, 12477932, 9653649, 9210392, 17576770, 10440860, 14597263, 14580332, 10221984, 12788495, 15489334	energy coupled proton transport, down electrochemical gradient
PSME2	>0.00	7989312, 1429590, 9344661, 12719574, 15029244, 12167863, 9079628, 9840465, 12200048, 11285280, 15373739, 14528301, 14528300, 8663520, 12809610, 12519221, 9620878, 12920286, 12859895, 9846577, 8125298, 12750511, 12791267, 12914693, 12970355, 10799514, 14527406, 10893419, 7789512, 10199920, 9811770, 12477932, 9373149, 14614829, 8811196, 16305752, 12840737, 14557625, 12419264, 14681463, 14564014, 14550573, 16189514, 12140684, 12808466, 12808465, 15489334, 12830140	cellular process
PSME1	>0.00	7989312, 9394799, 14564014, 9344661, 9385652, 12719574, 15029244, 12167863, 9079628, 12200048, 11285280, 15373739, 14528301, 14528300, 9403698, 12755701, 8663520, 12809610, 12519221, 12920286, 12859895, 9846577, 12750511, 12791267, 12914693, 12970355, 12808465, 10799514, 14527406, 10893419, 7789512, 17671684, 10199920, 9811770, 1286667, 17939699, 14614829, 17719568, 8811196, 18029348, 12840737, 14557625, 14760793, 8889548, 16169070, 12419264, 15679890, 16130169, 14681463, 14550573, 16189514, 9590240, 8051173, 8269930, 12477932, 12808466, 9287111, 15489334, 12830140	cellular process
UBXD2	>0.00	12454917, 12477932	nucleic acid binding
MAN1A1	>0.00	2541446, 1736542, 8218172, 14574404, 9219526, 9592125, 10409699, 7588811, 9109416, 2355006, 8093218, 2649653, 17727818, 2829950, 10521544, 3099781, 2283726, 2187500, 12477932, 8892864, 3264072, 12560567, 15308636, 2406237, 2542563, 18217416, 8673525, 11530211, 8223597	catalytic activity
SNRPD3	>0.00	10747894, 11790298, 15489334, 11756452, 12065586, 15939020, 15642139, 10556282, 11713266, 12975319, 11747828, 15130578, 10531003, 15642098, 11748230, 15146077, 11991638, 11714716, 11780068, 12477932, 9417867, 10725331, 10025403, 18029348, 10851237, 11101529, 1701240, 7527560, 15461802, 12234937, 14559993, 15231747, 11226169, 10601333, 11389857, 15782174, 9323129	spliceosomal snRNP assembly
SNRPD2	>0.00	15489334, 11756452, 15057824, 12065586, 15939020, 10556282, 11713266, 12975319, 11135666, 12577067, 10942426, 10531003, 15130578, 11748230, 15146077, 11991638, 15782160, 11714716, 11780068, 12477932, 9417867, 10725331, 10025403, 16169070, 11101529, 1701240, 7527560, 3260384, 12234937, 15231747, 14667819, 11226169, 10601333, 15233990, 9323129, 16344560	spliceosomal snRNP assembly
KPNA4	<=0.00	9303297, 8041786, 10965137, 8551560, 9557700, 10525473, 9395085, 8552640, 11035935, 8529100, 17981117, 9275210, 7585960, 10100610, 9548947, 15037073, 8041734, 15635413, 9603322, 11389849, 7859280, 9918876, 7494303, 1631159, 9463369, 8105392, 9282826, 10888652, 15489334, 10366569, 10860744, 10523667, 14702039, 9562972, 7745752, 17353931, 12477932, 9008157, 8659115, 8876228, 15642098, 17661348, 12414950, 10964507, 17081983, 9366553, 12610148, 9593140, 16375861, 11278458, 9168958, 2064827, 11904219, 12368302	NLS-bearing substrate import into nucleus
GBP1	>0.00	15064350, 17932292, 8879236, 2191628, 12414522, 10383748, 15964273, 16720695, 12881412, 2583083, 16367971, 12488461, 18697840, 11598000, 16507594, 11025545, 18697200, 16143836, 16143837, 10213627, 1715024, 16511497, 15504415, 10071206, 8830800, 16005050, 16873363, 12766061, 16936281, 16622701, 7518790, 16894355, 15937107, 15710683, 15710684, 15701785, 15489334, 8282737, 18346789, 12000678, 8062839, 14741045, 12535521, 17535914, 12477932, 9482869, 10669795, 19150356, 8616232, 11094061, 10676968, 1741302, 11397834, 15998802, 18260761, 17040130, 11675593, 16452484, 16678168, 7632918, 16170454, 2040309, 15450959, 12543931, 15849308, 15738400, 11782532	cellular biopolymer metabolic process
MAN2A2	<=0.00	2541446, 3099781, 2283726, 2355006, 8673525, 2187500, 1736542, 2649653, 3264072, 12560567, 11530211, 8218172, 9109416, 8892864, 2829950, 14759258, 2542563, 8093218, 16169070, 8524845	catalytic activity
MAN2A1	<=0.00	2541446, 3922977, 1736542, 8218172, 1757461, 16335952, 9109416, 2355006, 8093218, 2649653, 17466984, 2829950, 11158608, 3099781, 2283726, 2187500, 12477932, 8892864, 3264072, 12560567, 15004235, 18174230, 8314846, 2542563, 8524845, 8673525, 1885615, 11530211, 9230311	catalytic activity
HERC3	<=0.00	12477932, 7584028, 11163799, 15642098, 10702688, 7584026, 15676274	acid-amino acid ligase activity
KIAA0100	>0.00	7788527, 14702039, 16289875, 12477932, 15496914, 15489334	nucleic acid binding
SRP68	>0.00	17932292, 8349573, 10806107, 15068267, 9399828, 17200106, 11983892, 10368186, 8590479, 15995001, 15123810, 15137946, 16143839, 16452484, 16143837, 15659633, 8388879, 11497999, 16284312, 14702039, 15278455, 8374951, 15964273, 17923092, 11805055, 17085511, 10921896, 15642098, 15190002, 11784321, 15710684, 8914534, 15489334, 16672232, 12477932, 3614194, 15738400, 7925282, 18719252, 12215522, 1702390, 11641281, 14759368, 10618370, 8543042, 15998802, 15235119, 16554755, 7480339, 11445540, 8647391, 15514055, 11281415, 16429126, 2904436, 9169875, 15450959, 15635096, 8849441, 11752390, 15252450, 2779571, 15785851, 11805826	structural molecule activity
HLA-DOA	<=0.00	16806233, 1999352, 9088974, 15817706, 15847654, 8168144, 15265882, 12439622, 8890155, 11048639, 2370084, 16101837, 10323340, 12427289, 2499532, 7602119, 8084338, 15489334, 14574404, 9311912, 9079699, 12477932, 7512597, 18639552, 2991382, 2846691, 3000765, 1967269, 8376762, 15489916, 10729169, 3489470, 7541827, 2543930, 17652306, 11118314, 1978941, 11827988, 1869305, 10661406	MHC class II receptor activity
HLA-DOB	>0.00	9088974, 15847654, 8168144, 8568858, 15265882, 12439622, 3036827, 8890155, 11823510, 11048639, 17652306, 10661406, 12427289, 2499532, 7602119, 8084338, 9759843, 15489334, 8458375, 15730525, 9311912, 9079699, 12477932, 7512597, 2998758, 12445321, 2846691, 1967269, 8376762, 15489916, 1453454, 10729169, 3489470, 7541827, 2543930, 11118314, 1978941, 11827988, 1869305	MHC class II receptor activity
ATP5G1	<=0.00	15906478, 1827992, 11076863, 8485160, 14702039, 9461222, 1829867, 2883974, 12477932, 8328972, 15489336, 2868890, 11230166, 14749816, 7698763, 9834036, 16381901, 8889548, 15489334	energy coupled proton transport, down electrochemical gradient
ATP5G2	>0.00	1827992, 16303743, 8485160, 9461222, 1829867, 2883974, 12477932, 8328972, 2868890, 2549952, 7706317, 7698763, 11329013, 14749816, 9834036, 12658628, 15489334	energy coupled proton transport, down electrochemical gradient
PRPS1	>0.00	17932292, 16367971, 9373149, 2191628, 17460045, 2155397, 11898433, 11538123, 9030762, 8702702, 15943588, 2040309, 15317583, 14674763, 17701900, 8253776, 16306143, 18409517, 11563970, 12481087, 12519777, 10082968, 15955956, 9862501, 8882866, 17085511, 12823545, 15701788, 9692918, 11784321, 8125298, 1962753, 15489334, 1650777, 19161981, 9952445, 17701896, 10398712, 16682768, 12477932, 10998255, 16236267, 11405094, 11289304, 16939420, 15998802, 15123830, 7593598, 10669795, 10066814, 16189514, 9366267, 7632918, 10436225, 4328836, 1314091, 11582571, 7744070, 12847698, 15785851	metal ion binding
PSMF1	>0.00	16146763, 14564014, 12374861, 11780052, 12719574, 16344560, 15029244, 12167863, 9079628, 9846577, 11285280, 10363639, 14528301, 14528300, 9110174, 16713569, 12809610, 16035254, 12791267, 12920286, 15642098, 10764772, 12750511, 14557625, 12914693, 12970355, 14527406, 10893419, 11282978, 12477932, 9811770, 14614829, 12859895, 12840737, 8619474, 15183343, 12419264, 16046164, 18495667, 16305752, 14550573, 16189514, 15139295, 15638724, 12808466, 12808465, 15489334, 12830140	cellular process
TATDN2	>0.00	15342556, 18954468, 15302935, 9039502, 12477932	nucleic acid binding
FNTA	>0.00	17353931, 8276393, 11598000, 2217184, 11313965, 8419339, 8175923, 8106351, 14702039, 8830800, 11713328, 15451670, 8599089, 11687658, 8494894, 15489334, 7713879, 12477932, 12036349, 10676968, 10852915, 12374986, 8889548, 12825937, 1918005, 15170324, 8910345, 10747914, 1400319, 10920240, 8530343, 17192483	protein farnesyltransferase activity
FNTB	<=0.00	17353931, 8276393, 11598000, 2217184, 9657673, 8175923, 14702039, 8830800, 8599089, 16305752, 11687658, 8494894, 15489334, 11282978, 12477932, 12036349, 10676968, 9373149, 12825937, 15592455, 11751396, 12374986, 15170324, 8910345, 8125298, 10747914, 10852915, 16344560	protein farnesyltransferase activity
LOC441455	<=0.00	12477932	nucleic acid binding
CPA2	<=0.00	15064350, 17932292, 8879236, 8641269, 2191628, 15292183, 9450539, 15964273, 11743734, 16720695, 11805837, 2583083, 16367971, 16429126, 16507594, 11025545, 11805826, 15489334, 8806703, 12872131, 17200106, 9384570, 16143836, 16143837, 10213627, 16554755, 10071206, 18845848, 18586732, 16622701, 6358221, 15710683, 15710684, 15701785, 8626695, 17196978, 8282737, 18212056, 12000678, 8062839, 18458063, 12535521, 17535914, 7896805, 9482869, 15203218, 10669795, 8616232, 11094061, 15123810, 1741302, 15998802, 17334359, 10742178, 17040130, 11675593, 16452484, 16678168, 12538893, 7632918, 16170454, 12948494, 12477932, 2040309, 15450959, 10860668, 15849308, 8849441, 15738400, 2920728, 206535, 11782532	cellular biopolymer metabolic process
IFIT5	>0.00	15489334, 12477932, 9398535	nucleic acid binding
TAF5	>0.00	7813418, 9311784, 17397863, 15647753, 17200106, 2449431, 9844639, 12446794, 8121496, 9153318, 8680883, 18029348, 14660704, 8946909, 9858534, 10788514, 18613951, 10384273, 11805837, 15123810, 10839822, 11585915, 9885573, 11406595, 17314980, 14718168, 17686179, 15448131, 10384286, 15875012, 11805826, 1939271, 12215531, 16554755, 9488465, 12524336, 7836461, 12093743, 15657441, 15657442, 15132995, 9373149, 16888622, 8662725, 12601814, 11940675, 12186975, 9054383, 8758937, 9405375, 14660634, 8764062, 17074814, 15637059, 10523658, 8340360, 9742103, 12138208, 9083082, 15260971, 12052880, 8125298, 11564863, 11485988, 12200147, 18719252, 10880468, 8942982, 9045704, 9844640, 9118213, 16429126, 15282323, 14580349, 7667272, 11533254, 10549298, 8764009, 10751405, 8083216, 12872131, 17227857, 12101232, 8849451, 18488019, 9288741, 12582245, 11089979, 12660246, 15060133, 7933101, 15489334, 7680771, 11158301, 9674426, 9671455, 12840001, 7835343, 8849441, 10373431, 12477932, 9488488, 17334359, 8884287	transcription initiation factor activity
LRRC14	<=0.00	14667821, 7584026, 12477932, 15489334	nucleic acid binding
GCSH	>0.00	12402263, 17932292, 8349573, 10806107, 15068267, 1993703, 16450403, 11983892, 10368186, 1671321, 8590479, 15995001, 15137946, 16143839, 16452484, 2211640, 2553401, 16143837, 15659633, 11497999, 16284312, 15278455, 8374951, 15964273, 11805055, 17085511, 2025283, 3348809, 15190002, 11784321, 15710684, 8914534, 15489334, 3080335, 11450847, 12477932, 3614194, 15738400, 3522581, 12215522, 6790577, 11641281, 16169070, 8543042, 15998802, 15235119, 7480339, 11445540, 8647391, 15514055, 16189514, 2904436, 15450959, 6111451, 15635096, 11752390, 2779571, 15785851	structural molecule activity
SNRPF	>0.00	17353931, 11756452, 15939020, 10556282, 15146077, 10531003, 2974540, 11748230, 15489334, 11991638, 11714716, 12477932, 9417867, 2522439, 10725331, 9020971, 8889548, 15130578, 12234937, 1688550, 15231747, 16169070, 11226169, 10601333, 7744013, 10025403	spliceosomal snRNP assembly
SNRPG	>0.00	17353931, 15939020, 10556282, 14603251, 15146077, 15130578, 10531003, 11748230, 15489334, 11991638, 1387914, 11714716, 12477932, 9417867, 10725331, 9020971, 16169070, 16189514, 12234937, 12165861, 11226169, 10601333, 7744013	spliceosomal snRNP assembly
POLD1	>0.00	15064350, 17932292, 8879236, 9111189, 2191628, 15964273, 17353931, 12403614, 16720695, 2583083, 16367971, 11923315, 10751307, 16507594, 11025545, 10852724, 1730053, 9563011, 18270339, 14767555, 16143836, 16143837, 10213627, 16934752, 18701435, 9286699, 2436659, 12806015, 10071206, 1542570, 16762037, 16622701, 18676680, 1427831, 15710683, 15710684, 15701785, 15489334, 8282737, 10608806, 9620226, 12000678, 8062839, 1722322, 12535521, 17535914, 3146346, 9482869, 12220650, 10669795, 9545286, 8616232, 11094061, 17203305, 3335506, 19237606, 1741302, 16169070, 15113441, 15998802, 17040130, 11675593, 16452484, 16678168, 7632918, 16170454, 1721537, 12393188, 12477932, 15670210, 2040309, 15450959, 15849308, 15738400, 10559261, 12171929, 11473323, 11782532	cellular biopolymer metabolic process
PSMA4	>0.00	7821789, 16964243, 9800328, 14564014, 14743216, 12719574, 15029244, 12167863, 9079628, 2025653, 9846577, 11285280, 14528301, 14528300, 15987638, 15146197, 12809610, 15225636, 12791267, 18385738, 12920286, 12859895, 8687380, 12750511, 14557625, 12914693, 12970355, 15679890, 15782160, 14527406, 10893419, 12477932, 9811770, 11205743, 8811196, 12840737, 10375634, 12419264, 8619999, 14681463, 14550573, 7811265, 14702039, 8175701, 14614829, 12808466, 12808465, 18780872, 15489334, 18385676, 12830140	cellular process
BTN2A2	<=0.00	14702039, 10354554, 12477932, 14574404, 11170752, 9149941, 12124930, 15489334	nucleic acid binding
BTN2A1	<=0.00	14702039, 17785817, 12477932, 14574404, 11170752, 9149941, 9382921	nucleic acid binding
PLS1	<=0.00	2111166, 17932292, 8349573, 10806107, 7655078, 15068267, 12119179, 8139549, 11983892, 10368186, 15342556, 8336074, 8590479, 15995001, 15137946, 16143839, 16452484, 16143837, 15659633, 11497999, 16284312, 15278455, 8374951, 15964273, 11805055, 17085511, 8428952, 15190002, 11784321, 15710684, 8914534, 3211125, 12477932, 3614194, 15738400, 12215522, 11641281, 8543042, 15998802, 15235119, 18923393, 7480339, 11445540, 8647391, 15514055, 2391360, 2904436, 15450959, 15635096, 11752390, 17334359, 2779571, 15785851, 16344560	structural molecule activity
